20230601110952.8,0,9.5310277,1.6590327,2.0411024,2.1739316,2.076e-06,8.96e-06,0.000886106,-0.000452177,1.2818689,0.000161835,1621.188,291.337,292.248,291.435,-9.9e+37,0,NaN,20.2016498630975,44.9222316105934,2166.43895630176,163.272370291939,25.637378,1621.188,291.337,-9.9e+37,291.435,-9.9e+37,-0.657489749668106
20230601110953.8,1.08999609947205,9.5265719,1.721008,2.0402573,2.1739645,9.725e-06,3.06e-06,0.007285654,0.00280573,1.281814,-0.002156751,1017.031,291.362,292.314,291.435,-9.9e+37,1.08999609947205,NaN,20.1892830267059,43.8509566455664,2166.85514914285,169.469824826279,25.63628,1017.031,291.362,-9.9e+37,291.435,-9.9e+37,4.77388303621281
20230601110954.8,2.04299837350845,9.5265828,1.6960182,2.0403012,2.1739645,1.2785e-05,4.371e-06,0.031807411,0.060355742,1.281836,0.022454819,1220.216,291.345,292.289,291.405,692.335,2.04299837350845,NaN,20.1893132790773,43.9066056468264,2166.85514914285,166.970875255688,25.63672,1220.216,291.345,692.335,291.405,692.335,4.74104988296106
20230601110955.7,2.99199745059013,9.5269011,1.811639,2.0402244,2.1739865,6.884e-06,3.497e-06,-0.043042381,0.023976247,1.281825,0.011290346,426.205,291.381,292.289,291.384,-9.9e+37,2.99199745059013,NaN,20.1901967038323,43.8092515853969,2167.13345438613,178.532814467342,25.6365,426.205,291.381,-9.9e+37,291.384,-9.9e+37,4.48611254180047
20230601110956.7,3.90200056135654,9.5272523,1.8830416,2.0402244,2.1740194,7.54e-06,2.404e-06,0.005808045,0.049483022,1.2818579,0.022186223,655.666,291.378,292.276,291.392,-9.9e+37,3.90200056135654,NaN,20.1911714407911,43.8092515853969,2167.54964722722,185.672987522312,25.637158,655.666,291.378,-9.9e+37,291.392,-9.9e+37,4.12307247094492
20230601110957.6,4.8200000077486,9.5320703,2.0885249,2.04085,2.1739206,9.725e-06,2.623e-06,-0.011553911,0.042546485,1.281814,0.013952275,9.9e+37,291.348,292.292,291.419,377.107,4.8200000077486,NaN,20.2045435440576,44.6022815441238,2166.29980368012,206.22106731081,25.63628,9.9e+37,291.348,377.107,291.419,377.107,-2.20332503843699
20230601110958.4,5.69099709391594,9.5370858,1.6500223,2.0411353,2.1740304,6.447e-06,0,-0.04575981,-0.012713969,1.281825,0.005714506,9.9e+37,291.435,292.311,291.411,-9.9e+37,5.69099709391594,NaN,20.2184637980911,44.9639366707629,2167.68879984886,162.371341263662,25.6365,9.9e+37,291.435,-9.9e+37,291.411,-9.9e+37,-7.89896888181692
20230601110959.3,6.53499774634838,9.5291071,1.9868861,2.0411243,2.1739645,1.0381e-05,3.715e-06,-0.009361212,0.073065153,1.2818908,0.030061421,9.9e+37,291.408,292.298,291.411,382.362,6.53499774634838,NaN,20.1963193397406,44.9499927296724,2166.85514914285,196.05731107365,25.637816,9.9e+37,291.408,382.362,291.411,382.362,1.84795382668385
20230601111000.1,7.3909979313612,9.5152568,1.959844,2.0402024,2.1739865,6.775e-06,5.46e-07,-0.067440206,0.030240741,1.281814,0.013713838,1581.052,291.416,292.317,291.416,-9.9e+37,7.3909979313612,NaN,20.1578785672473,43.7813637032164,2167.13345438613,193.353134002089,25.63628,1581.052,291.416,-9.9e+37,291.416,-9.9e+37,19.816959266279
20230601111001,8.23799595236778,9.5190211,1.8810881,2.0402244,2.1739206,8.851e-06,1.53e-06,-0.015133084,0.10099883,1.281836,0.033686279,9.9e+37,291.416,292.319,291.408,313.159,8.23799595236778,NaN,20.168326182093,43.8092515853969,2166.29980368012,185.477639901036,25.63672,9.9e+37,291.416,313.159,291.408,313.159,15.6774639261146
20230601111001.8,9.0939961373806,9.510768,1.6616447,2.0402463,2.1740523,7.649e-06,1.202e-06,-0.082685324,0.035968152,1.2820664,0.009219376,9.9e+37,291.438,292.319,291.403,-9.9e+37,9.0939961373806,NaN,20.1454201411072,43.8370127044764,2167.96584006831,163.533567111377,25.641328,9.9e+37,291.438,-9.9e+37,291.403,-9.9e+37,23.5821339408589
20230601111002.7,9.94499735534191,9.5135117,1.8212639,2.0402573,2.1739426,8.305e-06,9.179e-06,-0.046770159,0.060848354,1.2820774,0.024065196,966.863,291.419,292.273,291.395,-9.9e+37,9.94499735534191,NaN,20.1530351348251,43.8509566455664,2166.5781089234,179.495292747359,25.641548,966.863,291.419,-9.9e+37,291.395,-9.9e+37,21.283328220132
20230601111003.5,10.7930012047291,9.530885,1.6923087,2.0402354,2.1739206,1.1365e-05,5.901e-06,-0.06574384,0.021246787,1.2821103,0.012802269,376.556,291.422,292.284,291.4,-9.9e+37,10.7930012047291,NaN,20.2012538068219,43.8231955264869,2166.29980368012,166.599929772647,25.642206,376.556,291.422,-9.9e+37,291.4,-9.9e+37,-0.474133584783215
20230601111004.4,11.6599950939417,9.5316093,1.9220026,2.0399281,2.1740084,-1.7156e-05,-5.0594e-05,0.025095326,-0.001306704,1.281814,0.087761618,-9.9e+37,291.403,292.265,291.291,-9.9e+37,11.6599950939417,NaN,20.2032640630269,43.4336525176682,2167.41049460558,189.569040080547,25.63628,-9.9e+37,291.403,-9.9e+37,291.291,-9.9e+37,-1.44406696803757
20230601111005.3,12.5269990414381,9.5262646,1.8135815,2.0395879,2.1739535,1.3987e-05,-2.5133e-05,-0.035001878,-0.014910165,1.281825,-0.072449535,-9.9e+37,291.397,292.262,291.564,-9.9e+37,12.5269990414381,NaN,20.188430131867,43.00240444868,2166.71599652121,178.727062102012,25.6365,-9.9e+37,291.397,-9.9e+37,291.564,-9.9e+37,5.30120943737604
20230601111006.1,13.3870024234056,9.5248817,1.7059285,2.0394562,2.1739206,-1.0709e-05,3.9339e-05,0.026566491,0.022576114,1.2818579,-0.005337947,-9.9e+37,291.395,292.3,291.46,1572.751,13.3870024234056,NaN,20.1845919663196,42.8354574449004,2166.29980368012,167.961893188182,25.637158,-9.9e+37,291.395,1572.751,291.46,1572.751,6.82557276231502
20230601111007,14.2299972474575,9.5277133,1.6710612,2.0395879,2.1739316,6.119e-06,7.868e-06,-0.030083449,-0.022790047,1.281836,-0.009096768,9.9e+37,291.411,292.251,291.46,788.022,14.2299972474575,NaN,20.1924509218218,43.00240444868,2166.43895630176,164.475205645158,25.63672,9.9e+37,291.411,788.022,291.46,788.022,3.35634053145534
20230601111007.8,15.0859974324703,9.5270767,1.696556,2.0387099,2.1738987,7.758e-06,8.74e-07,0.041020682,-0.032813555,1.281836,0.002627175,-9.9e+37,291.367,292.33,291.433,1130.519,15.0859974324703,NaN,20.1906840723117,41.8894244234839,2166.02276346067,167.024654600824,25.63672,-9.9e+37,291.367,1130.519,291.433,1130.519,4.16852090114508
20230601111008.7,15.948998183012,9.5270109,1.7407848,2.0387318,2.1740084,7.54e-06,8.523e-06,0.027491284,-0.019215901,1.281825,0.006885601,-9.9e+37,291.381,292.295,291.444,780.045,15.948998183012,NaN,20.1905014479043,41.9171855425629,2167.41049460558,171.4474807446,25.6365,-9.9e+37,291.381,780.045,291.444,780.045,4.29778094381956
20230601111009.6,16.8119989335537,9.5272194,1.8155241,2.0386879,2.1739755,1.0381e-05,9.507e-06,-0.050935795,-0.066150008,1.2818689,-0.019244312,-9.9e+37,291.392,292.303,291.444,126.931,16.8119989335537,NaN,20.1910801285874,41.8615365413038,2166.99430176449,178.92131973656,25.637378,-9.9e+37,291.392,126.931,291.444,126.931,0.75626163267806
20230601111010.4,17.6559995859861,9.5270328,1.807699,2.0387099,2.1740084,1.4643e-05,9.83e-07,0.013009016,-0.036921389,1.2820994,0.001285503,-9.9e+37,291.384,292.352,291.449,647.168,17.6559995859861,NaN,20.1905622301919,41.8894244234839,2167.41049460558,178.138819264974,25.641988,-9.9e+37,291.384,647.168,291.449,647.168,4.36219700559055
20230601111011.3,18.5160029679537,9.5270987,1.7469307,2.0393354,2.1740084,2.5024e-05,-3.278e-06,-0.005832085,-0.019624478,1.2820884,0.011220301,-9.9e+37,291.384,292.259,291.414,326.156,18.5160029679537,NaN,20.190745132144,42.6823276191108,2167.41049460558,172.062063260903,25.641768,-9.9e+37,291.384,326.156,291.414,326.156,4.4265706051813
20230601111012.1,19.3589977920055,9.5269779,1.9072304,2.0395769,2.1739755,1.9779e-05,7.65e-07,0.000569319,0.068778527,1.2821762,0.027865221,-9.9e+37,291.375,292.175,291.4,329.392,19.3589977920055,NaN,20.1904098581559,42.9884605075899,2166.99430176449,188.091838068259,25.643524,-9.9e+37,291.375,329.392,291.4,329.392,4.77997264816799
20230601111013,20.2110048383474,9.5270987,1.7422773,2.0395549,2.1739865,1.0163e-05,4.917e-06,0.008047407,0.067672229,1.2820774,0.023357098,-9.9e+37,291.354,292.156,291.419,329.376,20.2110048383474,NaN,20.190745132144,42.9605726254099,2167.13345438613,171.596728927223,25.641548,-9.9e+37,291.354,329.376,291.419,329.376,4.40819574386517
20230601111013.8,21.0859950631857,9.5270548,1.8451453,2.0386879,2.1739865,1.5517e-05,4.37e-07,-0.070802891,0.000812673,1.281836,-0.002070753,-9.9e+37,291.359,292.052,291.416,-9.9e+37,21.0859950631857,NaN,20.1906232900241,41.8615365413038,2167.13345438613,181.883403667619,25.63672,-9.9e+37,291.359,-9.9e+37,291.416,-9.9e+37,4.36411259417816
20230601111014.7,21.9529990106821,9.5270109,1.7295355,2.038644,2.1739316,-1.311e-06,4.371e-06,0.000748529,0.020974803,1.2818469,0.004103909,-9.9e+37,291.354,291.837,291.425,-9.9e+37,21.9529990106821,NaN,20.1905014479043,41.8058875400438,2166.43895630176,170.322564442571,25.636938,-9.9e+37,291.354,-9.9e+37,291.425,-9.9e+37,4.28381398906111
20230601111015.6,22.8159997612238,9.5271096,1.7668831,2.039522,2.1740413,9.725e-06,7.103e-06,-0.045323587,0.018066024,1.2818908,-0.006443805,-9.9e+37,291.381,291.752,291.411,-9.9e+37,22.8159997612238,NaN,20.1907753845154,42.9188675652395,2167.82668744667,174.057278965401,25.637816,-9.9e+37,291.381,-9.9e+37,291.411,-9.9e+37,4.17921269446777
20230601111016.4,23.683999478817,9.5270438,1.659757,2.0395769,2.1740194,1.202e-05,8.74e-07,-0.003681565,-0.008859643,1.2821323,0.011308813,-9.9e+37,291.365,291.673,291.403,391.003,23.683999478817,NaN,20.190592760108,42.9884605075899,2167.54964722722,163.344799409979,25.642646,-9.9e+37,291.365,391.003,291.403,391.003,4.2431504133906
20230601111017.3,24.5429970324039,9.5270987,1.6500004,2.039544,2.1739865,7.54e-06,2.623e-06,-0.022519921,0.001327246,1.2820994,0.015186748,-9.9e+37,291.381,291.518,291.411,-9.9e+37,24.5429970324039,NaN,20.190745132144,42.9467554474199,2167.13345438613,162.369151290329,25.641988,-9.9e+37,291.381,-9.9e+37,291.411,-9.9e+37,4.05508070749655
20230601111018.2,25.4059977829456,9.5271316,2.0460521,2.0395769,2.1739865,4.043e-06,2.95e-06,0.02381004,0.065695011,1.2821323,0.019928719,-9.9e+37,291.348,291.359,291.433,270.819,25.4059977829456,NaN,20.1908364443477,42.9884605075899,2167.13345438613,201.973839028799,25.642646,-9.9e+37,291.348,270.819,291.433,270.819,5.12977620913847
20230601111019,26.2499984353781,9.5269889,1.7172107,2.0395549,2.1740413,1.049e-05,4.262e-06,-0.034287882,-0.007007661,1.2821103,-0.009005852,-9.9e+37,291.378,291.359,291.419,-9.9e+37,26.2499984353781,NaN,20.190440388072,42.9605726254099,2167.82668744667,169.09009945015,25.642206,-9.9e+37,291.378,-9.9e+37,291.419,-9.9e+37,4.26547315030449
20230601111019.9,27.0980022847652,9.5272523,1.630926,2.0395659,2.1739974,-8.74e-07,4.699e-06,-0.044329411,-0.045386747,1.2821213,-0.019446798,-9.9e+37,291.389,291.354,291.419,-9.9e+37,27.0980022847652,NaN,20.1911714407911,42.9745165664995,2167.27134198394,160.461734516714,25.642426,-9.9e+37,291.389,-9.9e+37,291.419,-9.9e+37,3.84741618051478
20230601111020.7,27.9450003057718,9.5273182,1.7649734,2.0397744,2.1740413,2.2401e-05,3.825e-06,0.019408133,-0.016553214,1.2821103,0.010414073,-9.9e+37,291.348,291.349,291.43,382.269,27.9450003057718,NaN,20.1913543427432,43.2388176317086,2167.82668744667,173.866311290791,25.642206,-9.9e+37,291.348,382.269,291.43,382.269,4.03371988187676
20230601111021.6,28.8080010563135,9.5278889,1.7847285,2.0402354,2.1739755,1.0818e-05,2.295e-06,0.000928395,0.007908082,1.2821103,0.020035261,-9.9e+37,291.408,291.308,291.435,229.602,28.8080010563135,NaN,20.1929382903011,43.8231955264869,2166.99430176449,175.841797235536,25.642206,-9.9e+37,291.408,229.602,291.435,229.602,4.44846783978763
20230601111022.4,29.6800039708614,9.5380736,1.8982419,2.0402244,2.1739645,1.3113e-05,3.278e-06,-0.047355758,0.032251283,1.2818579,0.015560138,-9.9e+37,291.427,291.283,291.465,-9.9e+37,29.6800039708614,NaN,20.2212053845599,43.8092515853969,2166.85514914285,187.192999013314,25.637158,-9.9e+37,291.427,-9.9e+37,291.465,-9.9e+37,-9.72199599155793
20230601111023.3,30.5349983274937,9.5474794,1.7580922,2.0402463,2.1739974,1.0163e-05,6.666e-06,-0.035631299,0.03712832,1.2818799,0.013411582,9.9e+37,291.343,291.351,291.422,-9.9e+37,30.5349983274937,NaN,20.2473106832117,43.8370127044764,2167.27134198394,173.178199669844,25.637598,9.9e+37,291.343,-9.9e+37,291.422,-9.9e+37,-20.9632965778861
20230601111024.1,31.3909985125065,9.5205357,1.6176793,2.0402244,2.1740304,2.295e-06,3.497e-06,0.03420566,0.023033099,1.2818689,0.014411446,-9.9e+37,291.367,291.319,291.438,350.137,31.3909985125065,NaN,20.1725298739999,43.8092515853969,2167.68879984886,159.137080646865,25.637378,-9.9e+37,291.367,350.137,291.438,350.137,12.2625389390651
20230601111025,32.2419997304678,9.5102742,2.1024521,2.0402683,2.1739974,-9.944e-06,-2.0762e-05,-0.01271987,0.020610044,1.2818469,0.009520209,-9.9e+37,291.381,291.283,291.46,-9.9e+37,32.2419997304678,NaN,20.1440496254175,43.8649005866569,2167.27134198394,207.613770352032,25.636938,-9.9e+37,291.381,-9.9e+37,291.46,-9.9e+37,27.2436051901185
20230601111025.8,33.0860003829002,9.534836,1.7831152,2.0402573,2.1739865,4.371e-06,3.388e-06,0.011124905,0.03028303,1.2819238,0.010994322,-9.9e+37,291.367,291.297,291.433,314.938,33.0860003829002,NaN,20.2122195976077,43.8509566455664,2167.13345438613,175.680469200008,25.638476,-9.9e+37,291.367,314.938,291.433,314.938,-5.78028335664026
20230601111026.7,33.9449979364872,9.5436821,1.6604924,2.0402134,2.1739755,9.398e-06,1.858e-06,-0.039657398,0.050639037,1.2819896,0.006431348,-9.9e+37,291.392,291.381,291.419,-9.9e+37,33.9449979364872,NaN,20.2367714786177,43.7953076443064,2166.99430176449,163.418338514502,25.639792,-9.9e+37,291.392,-9.9e+37,291.419,-9.9e+37,-15.806750318464
20230601111027.6,34.8079986870289,9.5434297,1.8120231,2.0402463,2.1739206,4.262e-06,1.311e-06,0.016657693,0.073241194,1.2818469,0.013855567,-9.9e+37,291.373,291.411,291.411,362.149,34.8079986870289,NaN,20.2360709558148,43.8370127044764,2166.29980368012,178.571223999634,25.636938,-9.9e+37,291.373,362.149,291.411,362.149,-16.819189245513
20230601111028.4,35.6519993394613,9.5386552,1.6597241,2.0402354,2.1739535,4.371e-06,4.371e-06,-0.027128453,0.047371836,1.2818469,-0.007573919,-9.9e+37,291.384,291.441,291.438,-9.9e+37,35.6519993394613,NaN,20.2228195844893,43.8231955264869,2166.71599652121,163.34150945004,25.636938,-9.9e+37,291.384,-9.9e+37,291.438,-9.9e+37,-9.7775642720058
20230601111029.2,36.4959999918938,9.5284595,1.6512735,2.0402134,2.1740084,7.212e-06,2.076e-06,-0.048831395,-0.002606634,1.2819238,-0.020909108,-9.9e+37,291.414,291.447,291.435,-9.9e+37,36.4959999918938,NaN,20.1945219603144,43.7953076443064,2167.41049460558,162.496459740109,25.638476,-9.9e+37,291.414,-9.9e+37,291.435,-9.9e+37,2.41773189718186
20230601111030.1,37.3440038412809,9.5177371,1.8078087,2.0396208,2.1739535,5.245e-06,7.65e-07,-0.007484861,-0.030620093,1.2818908,-0.006768459,-9.9e+37,291.386,291.531,291.397,418.541,37.3440038412809,NaN,20.1647625082461,43.0441095088495,2166.71599652121,178.149789131396,25.637816,-9.9e+37,291.386,418.541,291.397,418.541,16.2775300374335
20230601111030.9,38.1869986653328,9.5254085,1.6623471,2.0395659,2.1739645,6.775e-06,3.169e-06,0.045387734,0.0119284,1.2820006,0.003193872,-9.9e+37,291.362,291.523,291.422,467.641,38.1869986653328,NaN,20.1860540717577,42.9745165664995,2166.85514914285,163.603806256083,25.640012,-9.9e+37,291.362,467.641,291.422,467.641,6.17980149242735
20230601111031.8,39.03500251472,9.5301168,1.7054017,2.0387428,2.1740413,5.901e-06,3.934e-06,-0.048338896,-0.04140316,1.2821652,-0.020953801,-9.9e+37,291.4,291.567,291.416,-9.9e+37,39.03500251472,NaN,20.199121708497,41.9311294836534,2167.82668744667,167.909213829652,25.643304,-9.9e+37,291.4,-9.9e+37,291.416,-9.9e+37,0.470781945270795
20230601111032.7,39.8980032652617,9.5297436,1.8103329,2.0394342,2.1739865,6.775e-06,2.076e-06,0.011622869,-0.036481344,1.2822201,-0.019029807,-9.9e+37,291.395,291.583,291.435,181.318,39.8980032652617,NaN,20.198085911706,42.8075695627203,2167.13345438613,178.402206057745,25.644402,-9.9e+37,291.395,181.318,291.435,181.318,-43.3596868484187
20230601111033.5,40.7579965889454,9.529568,1.6708636,2.0395879,2.1740413,6.994e-06,1.639e-06,0.005716473,-0.044381316,1.2821213,-0.006679073,-9.9e+37,291.419,291.654,291.422,422.984,40.7579965889454,NaN,20.1975985432266,43.00240444868,2167.82668744667,164.45544588577,25.642426,-9.9e+37,291.419,422.984,291.422,422.984,1.13161215075522
20230601111034.4,41.6050046682358,9.5301058,1.7058188,2.0395879,2.1739755,7.977e-06,4.371e-06,0.032475732,0.006776873,1.2821542,0.018603326,-9.9e+37,291.427,291.673,291.414,669.505,41.6050046682358,NaN,20.1990911785808,43.00240444868,2166.99430176449,167.950923321761,25.643084,-9.9e+37,291.427,669.505,291.414,669.505,0.477489549579413
20230601111035.2,42.4450021237135,9.5338153,1.8334022,2.0396318,2.1739755,6.994e-06,3.06e-06,0.025450035,0.043622183,1.2819018,0.010893025,-9.9e+37,291.411,291.673,291.419,363.864,42.4450021237135,NaN,20.2093866989352,43.0580534499395,2166.99430176449,180.709107966877,25.638036,-9.9e+37,291.411,363.864,291.419,363.864,-4.33420428121029
20230601111036.1,43.3080028742552,9.5323117,1.6599765,2.0395659,2.1739865,6.666e-06,3.06e-06,-0.021266763,0.003210373,1.2819677,-0.006365565,-9.9e+37,291.37,291.695,291.425,530.403,43.3080028742552,NaN,20.2052135369444,42.9745165664995,2167.13345438613,163.366749142699,25.639354,-9.9e+37,291.37,530.403,291.425,530.403,-2.19104152744975
20230601111036.9,44.1599998623133,9.5270328,1.6700954,2.0387208,2.1739865,3.169e-06,1.53e-06,0.007596322,0.024331389,1.2819677,0.005582393,-9.9e+37,291.378,291.719,291.416,514.434,44.1599998623133,NaN,20.1905622301919,41.9032416014734,2167.13345438613,164.378626821186,25.639354,-9.9e+37,291.378,514.434,291.416,514.434,4.21460597423558
20230601111037.8,45.0080037117004,9.5290193,1.8891108,2.0386769,2.1739316,7.649e-06,6.229e-06,0.027455661,0.060398032,1.2819018,0.008453582,-9.9e+37,291.384,291.722,291.416,422.013,45.0080037117004,NaN,20.1960756555009,41.8475926002134,2166.43895630176,186.279900132009,25.638036,-9.9e+37,291.384,422.013,291.416,422.013,1.95178468021959
20230601111038.6,45.8670012652874,9.5315215,1.7251565,2.0386879,2.1740084,7.321e-06,4.48e-06,0.008680654,0.067647533,1.2819128,-0.003273426,-9.9e+37,291.375,291.755,291.43,399.924,45.8670012652874,NaN,20.2030203787872,41.8615365413038,2167.41049460558,169.884669774762,25.638256,-9.9e+37,291.375,399.924,291.43,399.924,-1.26767262259139
20230601111039.5,46.7189982533455,9.5340567,1.6923196,2.0386769,2.1739206,3.278e-06,-4.37e-07,-0.061382937,0.011086222,1.2819457,-0.016261233,-9.9e+37,291.4,291.76,291.427,-9.9e+37,46.7189982533455,NaN,20.210056691822,41.8475926002134,2166.29980368012,166.601019759374,25.638914,-9.9e+37,291.4,-9.9e+37,291.427,-9.9e+37,-4.27959482394435
20230601111040.3,47.5659962743521,9.5301168,1.7788237,2.038644,2.1739426,0,2.841e-06,0.02102037,0.039828713,1.2819457,0.01045975,-9.9e+37,291.356,291.79,291.411,683.768,47.5659962743521,NaN,20.199121708497,41.8058875400438,2166.5781089234,175.251324425652,25.638914,-9.9e+37,291.356,683.768,291.411,683.768,0.495961591271124
20230601111041.2,48.4300028532743,9.5299082,1.7684964,2.0386879,2.1739865,9.179e-06,2.19e-07,-0.012092524,0.016903889,1.282242,0.000972979,-9.9e+37,291.468,291.804,291.408,-9.9e+37,48.4300028532743,NaN,20.1985427502692,41.8615365413038,2167.13345438613,174.218607000929,25.64484,-9.9e+37,291.468,-9.9e+37,291.408,-9.9e+37,0.744639510567327
20230601111042,49.2849972099066,9.5298534,1.8965628,2.038666,2.1739645,7.54e-06,2.404e-06,0.007239104,0.036638004,1.2821981,0.000151891,896.249,291.362,291.807,291.416,541.257,49.2849972099066,NaN,20.1983906557779,41.8337754222239,2166.85514914285,187.025091057909,25.643962,896.249,291.362,541.257,291.416,541.257,0.851562990808441
20230601111042.9,50.1409973949194,9.5299741,1.7465905,2.0386879,2.1739974,6.119e-06,1.1802e-05,0.014801119,0.01113168,1.2821652,-0.001074824,890.435,291.367,291.85,291.414,492.701,50.1409973949194,NaN,20.1987256522213,41.8615365413038,2167.27134198394,172.028043675155,25.643304,890.435,291.367,492.701,291.414,492.701,0.665234761867705
20230601111043.7,50.9919986128807,9.5303911,1.7130732,2.0385782,2.1739974,5.027e-06,-1.421e-06,-0.004127623,0.031814513,1.2820006,-0.009900589,-9.9e+37,291.411,291.845,291.422,183.744,50.9919986128807,NaN,20.1998830135875,41.7224774197043,2167.27134198394,168.676354488272,25.640012,-9.9e+37,291.411,183.744,291.422,183.744,2.29787616345857
20230601111044.6,51.8590025603771,9.5302265,1.7106367,2.038633,2.1739426,1.639e-06,5.245e-06,-0.055473838,-0.015845117,1.2820116,-0.011058462,-9.9e+37,291.419,291.886,291.419,242.946,51.8590025603771,NaN,20.1994261750242,41.7919435989534,2166.5781089234,168.432707455133,25.640232,-9.9e+37,291.419,242.946,291.419,242.946,0.444331495843017
20230601111045.5,52.7109995484352,9.5300619,1.8572835,2.038633,2.1739865,1.1583e-05,1.53e-06,0.008267813,0.012563502,1.2819786,0.003792914,-9.9e+37,291.414,291.88,291.416,-9.9e+37,52.7109995484352,NaN,20.198969336461,41.7919435989534,2167.13345438613,183.097208887259,25.639572,-9.9e+37,291.414,-9.9e+37,291.416,-9.9e+37,0.569736796860837
20230601111046.3,53.5859998315573,9.5300838,1.7539546,2.0379526,2.1739974,8.96e-06,1.311e-06,0.025138052,0.015893428,1.2819238,-0.000836386,-9.9e+37,291.416,291.894,291.433,530.911,53.5859998315573,NaN,20.1990301187486,40.9294474609769,2167.27134198394,172.764444708088,25.638476,-9.9e+37,291.416,530.911,291.433,530.911,0.542826373535466
20230601111047.2,54.425997287035,9.5301058,1.8084233,2.0383367,2.1739645,8.086e-06,5.46e-07,-0.033616063,-0.079796888,1.2819347,-0.025427053,-9.9e+37,291.419,291.927,291.414,-9.9e+37,54.425997287035,NaN,20.1990911785808,41.4163445312247,2166.85514914285,178.211248383014,25.638694,-9.9e+37,291.419,-9.9e+37,291.414,-9.9e+37,0.515481570939735
20230601111048,55.2769985049963,9.5299192,1.6805655,2.038644,2.1738767,-2.841e-06,-3.388e-06,-0.01300748,-0.076356842,1.2820116,-0.016712317,-9.9e+37,291.397,291.943,291.43,299.961,55.2769985049963,NaN,20.1985732801853,41.8058875400438,2165.74445821739,165.425624072027,25.640232,-9.9e+37,291.397,299.961,291.43,299.961,0.789333517200452
20230601111048.9,56.1440024524927,9.5297765,1.7874064,2.038666,2.1739755,1.65e-05,9.83e-07,0.042231447,-0.039042402,1.2819347,0.001062474,-9.9e+37,291.403,291.946,291.405,289.56,56.1440024524927,NaN,20.1981772239097,41.8337754222239,2166.99430176449,176.109583974729,25.638694,-9.9e+37,291.403,289.56,291.405,289.56,1.00935453496009
20230601111049.7,56.9919962435961,9.5296997,1.6367317,2.0385672,2.1739426,3.28e-07,-1.53e-06,-0.020800927,-0.061422166,1.2819567,-0.002399887,-9.9e+37,291.408,291.97,291.416,224.657,56.9919962435961,NaN,20.1979640695861,41.7085334786143,2166.5781089234,161.042297447269,25.639134,-9.9e+37,291.408,224.657,291.416,224.657,1.39842468028656
20230601111050.6,57.8359968960285,9.5300729,1.6802582,2.038666,2.1739865,7.65e-07,4.043e-06,0.041023523,-0.001935141,1.2819238,0.023303008,-9.9e+37,291.373,291.992,291.425,710.733,57.8359968960285,NaN,20.1989998663771,41.8337754222239,2167.13345438613,165.394894446218,25.638476,-9.9e+37,291.373,710.733,291.425,710.733,0.529338991306207
20230601111051.4,58.679997548461,9.5301607,1.6162526,2.0386989,2.1739096,8.633e-06,-7.65e-07,0.01603166,0.012210983,1.2819567,0.009782031,-9.9e+37,291.378,291.959,291.425,286.568,58.679997548461,NaN,20.1992435506168,41.8754804823934,2166.16065105848,158.99441238412,25.639134,-9.9e+37,291.378,286.568,291.425,286.568,0.467646310200952
20230601111052.3,59.5389951020479,9.5299302,1.824732,2.0386989,2.1739645,9.07e-06,9.83e-07,0.008411839,-0.005380673,1.2819018,-0.009547633,-9.9e+37,291.378,291.97,291.414,394.261,59.5389951020479,NaN,20.1986038101015,41.8754804823934,2166.85514914285,179.842098524347,25.638036,-9.9e+37,291.378,394.261,291.414,394.261,0.750921665966626
20230601111053.1,60.3869989514351,9.529568,1.9921431,2.0387099,2.1739755,5.573e-06,2.185e-06,-0.030931743,-0.063642173,1.2819018,-0.031692509,-9.9e+37,291.411,291.97,291.419,-9.9e+37,60.3869989514351,NaN,20.1975985432266,41.8894244234839,2166.99430176449,196.583004672342,25.638036,-9.9e+37,291.411,-9.9e+37,291.419,-9.9e+37,1.23857270401706
20230601111054,61.2339969724417,9.52914,1.8226139,2.038655,2.1738657,8.742e-06,1.5189e-05,0.056729681,-0.024219135,1.2819238,-0.014643098,-9.9e+37,291.356,292.003,291.414,877.515,61.2339969724417,NaN,20.1964106519443,41.8198314811339,2165.60530559575,179.630291103501,25.638476,-9.9e+37,291.356,877.515,291.414,877.515,1.73791409744223
20230601111054.8,62.0940003544092,9.5289644,1.7245419,2.0386879,2.1739755,-8.086e-06,3.934e-06,0.011623634,-0.012356531,1.2819347,-0.001039419,-9.9e+37,291.381,292.025,291.416,631.23,62.0940003544092,NaN,20.1959232834649,41.8615365413038,2166.99430176449,169.823210523144,25.638694,-9.9e+37,291.381,631.23,291.416,631.23,1.8970674241509
20230601111055.7,62.9409983754158,9.5298534,1.8045272,2.0386879,2.1739974,2.3057e-05,2.19e-07,0.016277199,0.013200464,1.2819128,-0.000905884,-9.9e+37,291.373,291.995,291.419,-9.9e+37,62.9409983754158,NaN,20.1983906557779,41.8615365413038,2167.27134198394,177.82164312719,25.638256,-9.9e+37,291.373,-9.9e+37,291.419,-9.9e+37,0.819539703062657
20230601111056.5,63.7809958308935,9.5300399,1.7622956,2.0386221,2.1739426,-2.19e-07,2.404e-06,-0.044873925,0.010012927,1.2819018,-0.005920707,-9.9e+37,291.365,292.028,291.422,145.782,63.7809958308935,NaN,20.1989082766287,41.7781264209643,2166.5781089234,173.598534551476,25.638036,-9.9e+37,291.365,145.782,291.422,145.782,-0.0293131960425173
20230601111057.4,64.624996483326,9.530018,1.6931537,2.0386879,2.1747657,-5.136e-06,5.245e-06,0.024645116,0.02470325,1.2818579,0.019275255,-9.9e+37,291.367,292.025,291.405,572.28,64.624996483326,NaN,20.1988474943412,41.8615365413038,2176.99052009367,166.684428743713,25.637158,-9.9e+37,291.367,572.28,291.405,572.28,0.512085360483372
20230601111058.2,65.4759977012873,9.5301607,1.8982529,2.038644,2.1748315,4.808e-06,-8.851e-06,-0.042163708,0.008088385,1.2818908,0.010729004,-9.9e+37,291.373,292.025,291.386,-9.9e+37,65.4759977012873,NaN,20.1992435506168,41.8058875400438,2177.82290577585,187.19409899992,25.637816,-9.9e+37,291.373,-9.9e+37,291.386,-9.9e+37,0.349383419929655
20230601111059.1,66.3400042802095,9.5301607,1.7738741,2.0387538,2.1749193,9.83e-07,3.388e-06,-0.045938146,0.000616089,1.2819128,0.002955108,-9.9e+37,291.375,292.074,291.397,-9.9e+37,66.3400042802095,NaN,20.1992435506168,41.9450734247434,2178.93359670131,174.756370452648,25.638256,-9.9e+37,291.375,-9.9e+37,291.397,-9.9e+37,0.325439002313323
20230601111059.9,67.190995439887,9.5298095,1.8344558,2.0395769,2.1749303,-7.758e-06,4.917e-06,0.018426083,0.044180141,1.2818908,0.025137069,-9.9e+37,291.365,292.093,291.392,428.574,67.190995439887,NaN,20.1982688136581,42.9884605075899,2179.07274932296,180.814466683937,25.637816,-9.9e+37,291.365,428.574,291.392,428.574,0.770447398469823
20230601111100.8,68.0469956248999,9.5298204,1.6774595,2.0396318,2.1748206,1.1802e-05,1.2894e-05,0.015175165,0.040441636,1.2819018,0.020169559,-9.9e+37,291.335,292.093,291.381,337.89,68.0469956248999,NaN,20.1982990660295,43.0580534499395,2177.68501817804,165.115027854119,25.638036,-9.9e+37,291.335,337.89,291.381,337.89,0.757449067573368
20230601111101.7,68.8979968428612,9.5298095,1.9045525,2.0402244,2.1739645,1.956e-05,1.639e-06,-0.031468934,0.035116355,1.2819018,-0.001487663,-9.9e+37,291.351,292.085,291.389,-9.9e+37,68.8979968428612,NaN,20.1982688136581,43.8092515853969,2166.85514914285,187.824051329066,25.638036,-9.9e+37,291.351,-9.9e+37,291.389,-9.9e+37,0.871957837914648
20230601111102.5,69.7690039873123,9.5294144,1.9090083,2.0402463,2.1739755,1.2676e-05,1.1146e-05,0.019813759,0.045408277,1.2818908,-0.003625289,-9.9e+37,291.343,292.115,291.381,493.905,69.7690039873123,NaN,20.1971722345795,43.8370127044764,2166.99430176449,188.269625903358,25.637816,-9.9e+37,291.343,493.905,291.381,493.905,1.39431410643286
20230601111103.4,70.6370037049055,9.5297107,1.6707978,2.0396427,2.1739974,-9.616e-06,5.573e-06,-0.035181744,-0.023233372,1.2819238,-0.006723438,-9.9e+37,291.351,292.137,291.392,327.276,70.6370037049055,NaN,20.1979945995023,43.071870627929,2167.27134198394,164.448865965893,25.638476,-9.9e+37,291.351,327.276,291.392,327.276,0.997423976056476
20230601111104.2,71.4799985289574,9.5298424,1.765171,2.0395879,2.1739535,-2.076e-06,3.169e-06,0.017217069,0.011489444,1.2819347,0.009253142,-9.9e+37,291.354,292.142,291.4,597.017,71.4799985289574,NaN,20.1983601258618,43.00240444868,2166.71599652121,173.886071050179,25.638694,-9.9e+37,291.354,597.017,291.4,597.017,0.816396742674842
20230601111105.1,72.3280023783445,9.5301936,1.8287269,2.0395659,2.1740523,8.523e-06,-4.152e-06,0.0016896,0.044337168,1.2820006,0.00262947,-9.9e+37,291.359,292.139,291.386,229.59,72.3280023783445,NaN,20.1993348628205,42.9745165664995,2167.96584006831,180.241583659865,25.640012,-9.9e+37,291.359,229.59,291.386,229.59,0.515527116110174
20230601111105.9,73.1799993664026,9.5367236,1.586357,2.0395659,2.1739974,2.95e-06,3.934e-06,-0.052306092,-0.001570383,1.2819457,-0.008065872,-9.9e+37,291.378,292.18,291.4,170.807,73.1799993664026,NaN,20.2174585312162,42.9745165664995,2167.27134198394,156.00488878719,25.638914,-9.9e+37,291.378,170.807,291.4,170.807,12.5668019869439
20230601111106.8,74.0350037813187,9.536581,1.6023145,2.039533,2.1739535,-1.3004e-05,5.027e-06,0.012339599,0.033844072,1.2819347,0.014487282,-9.9e+37,291.392,292.188,291.397,402.004,74.0350037813187,NaN,20.2170627524853,42.9328115063299,2166.71599652121,157.60061935617,25.638694,-9.9e+37,291.392,402.004,291.397,402.004,-7.32792056900913
20230601111107.6,74.8870007693768,9.5266377,1.6081751,2.0395659,2.1739865,2.1308e-05,-1.093e-06,-9.9767e-05,0.029599082,1.2819677,0.006880575,-9.9e+37,291.37,292.161,291.403,-9.9e+37,74.8870007693768,NaN,20.1894656511133,42.9745165664995,2167.13345438613,158.186672219875,25.639354,-9.9e+37,291.37,-9.9e+37,291.403,-9.9e+37,4.54494826664869
20230601111108.5,75.7299955934286,9.5244318,1.8197494,2.0395879,2.1739316,-8.196e-06,-7.321e-06,-0.058193338,0.022766251,1.2820116,-0.004513036,-9.9e+37,291.362,292.172,291.378,-9.9e+37,75.7299955934286,NaN,20.1833432927497,43.00240444868,2166.43895630176,179.343844591525,25.640232,-9.9e+37,291.362,-9.9e+37,291.378,-9.9e+37,7.61047459137303
20230601111109.3,76.5859957784414,9.5284376,1.6344928,2.0395659,2.1740304,2.5024e-05,-1.202e-06,0.017083317,0.002503149,1.2819896,0.005985179,-9.9e+37,291.365,292.126,291.381,75.024,76.5859957784414,NaN,20.1944611780268,42.9745165664995,2167.68879984886,160.818410173517,25.639792,-9.9e+37,291.365,75.024,291.381,75.024,0.857007459851123
20230601111110.2,77.4410001933575,9.5296229,1.853563,2.039544,2.1739645,8.305e-06,-6.01e-06,0.0086706,-0.006966901,1.2819896,-0.004708746,-9.9e+37,291.375,292.145,291.403,326.162,77.4410001933575,NaN,20.1977509152626,42.9467554474199,2166.85514914285,182.725163417612,25.639792,-9.9e+37,291.375,326.162,291.403,326.162,1.17620269924682
20230601111111.1,78.301003575325,9.530018,1.8635941,2.0396208,2.1739755,1.0053e-05,-1.639e-06,0.022676646,-0.049790384,1.2819896,-0.015090904,-9.9e+37,291.359,292.148,291.392,491.104,78.301003575325,NaN,20.1988474943412,43.0441095088495,2166.99430176449,183.728261203011,25.639792,-9.9e+37,291.359,491.104,291.392,491.104,0.615250904823203
20230601111111.9,79.1559979319572,9.5297107,1.9024234,2.039544,2.1739535,1.1474e-05,2.076e-06,0.042116162,-0.06556616,1.2820555,-0.022629414,-9.9e+37,291.348,292.172,291.395,636.527,79.1559979319572,NaN,20.1979945995023,42.9467554474199,2166.71599652121,187.611143921614,25.64111,-9.9e+37,291.348,636.527,291.395,636.527,1.01765911072768
20230601111112.8,80.0160013139248,9.5301387,1.7686061,2.039511,2.1739755,1.1692e-05,-7.65e-07,0.047881819,-0.064581274,1.2819567,-0.027951945,-9.9e+37,291.359,292.164,291.408,692.761,80.0160013139248,NaN,20.1991824907846,42.9049236241499,2166.99430176449,174.22957686735,25.639134,-9.9e+37,291.359,692.761,291.408,692.761,0.446835910207346
20230601111113.6,80.8670025318861,9.5300838,1.7290855,2.0395879,2.1748425,3.278e-06,7.212e-06,0.001286596,-0.062630406,1.2819457,-0.023772531,-9.9e+37,291.375,292.202,291.403,575.509,80.8670025318861,NaN,20.1990301187486,43.00240444868,2177.96205839749,170.277564990524,25.638914,-9.9e+37,291.375,575.509,291.403,575.509,0.410702598979443
20230601111114.5,81.7149963229895,9.5298314,1.9254487,2.039522,2.1749193,1.6282e-05,6.338e-06,0.09682432,0.014845921,1.2820445,-0.001514216,-9.9e+37,291.354,292.169,291.416,735.97,81.7149963229895,NaN,20.1983295959457,42.9188675652395,2178.93359670131,189.913645884324,25.64089,-9.9e+37,291.354,735.97,291.416,735.97,0.751034569906729
20230601111115.3,82.5700007379055,9.5296887,1.7472161,2.0396098,2.1749084,1.0927e-05,1.0818e-05,0.033702124,0.003121642,1.2819238,-0.015511501,-9.9e+37,291.34,292.194,291.411,711.343,82.5700007379055,NaN,20.19793353967,43.0301655677595,2178.79570910351,172.090602913379,25.638476,-9.9e+37,291.34,711.343,291.411,711.343,0.890595374358212
20230601111116.2,83.4260009229183,9.5298095,1.7731278,2.0391818,2.1748754,2.841e-06,6.119e-06,-0.01620911,0.003898145,1.2819347,-0.006364909,-9.9e+37,291.378,292.188,291.419,377.978,83.4260009229183,NaN,20.1982688136581,42.4876194962517,2178.37825123858,174.681741361397,25.638694,-9.9e+37,291.378,377.978,291.419,377.978,0.78097334259542
20230601111117,84.2770021408796,9.5293595,1.8489426,2.038666,2.1749084,-5.136e-06,-2.404e-06,-0.047955674,0.031358619,1.2820664,0.009874695,-9.9e+37,291.37,292.169,291.405,170.814,84.2770021408796,NaN,20.1970198625435,41.8337754222239,2178.79570910351,182.263129043749,25.641328,-9.9e+37,291.37,170.814,291.405,170.814,-2.32845813311571
20230601111117.9,85.1289991289377,9.5297985,1.6681309,2.0386879,2.1748425,-1.0163e-05,6.775e-06,-0.010347303,0.053430238,1.2819567,0.02160313,-9.9e+37,291.345,292.186,291.384,124.646,85.1289991289377,NaN,20.1982382837419,41.8615365413038,2177.96205839749,164.182179213305,25.639134,-9.9e+37,291.345,124.646,291.384,124.646,0.151947791003181
20230601111118.8,86.0899977385998,9.530029,1.789766,2.038644,2.1748425,-1.202e-05,-6.666e-06,-0.030662491,-0.07423526,1.2819896,0.00804992,-9.9e+37,291.362,292.104,291.433,-9.9e+37,86.0899977385998,NaN,20.1988780242573,41.8058875400438,2177.96205839749,176.345541101507,25.639792,-9.9e+37,291.362,-9.9e+37,291.433,-9.9e+37,0.501635788443981
20230601111119.7,86.9649980217218,9.5285034,1.7285697,2.0395769,2.1748864,8.414e-06,1.814e-05,0.011714113,0.16713993,1.2819786,0.00602867,-9.9e+37,291.359,292.172,291.441,446.922,86.9649980217218,NaN,20.1946438024342,42.9884605075899,2178.51740386022,170.2259856186,25.639572,-9.9e+37,291.359,446.922,291.441,446.922,2.37217878328968
20230601111120.6,87.8239955753088,9.5277023,1.7775836,2.0395988,2.1749193,-1.0163e-05,5.464e-06,-0.052410008,0.12509999,1.2820006,0.005225284,-9.9e+37,291.395,292.191,291.444,590.374,87.8239955753088,NaN,20.1924203919056,43.016221626669,2178.93359670131,175.127315935689,25.640012,-9.9e+37,291.395,590.374,291.444,590.374,3.37564878609474
20230601111121.6,88.8319965451956,9.5288546,1.700474,2.0395549,2.1748864,3.28e-07,4.262e-06,-0.074323695,0.001056792,1.2819786,0.003255612,-9.9e+37,291.397,292.153,291.441,332.681,88.8319965451956,NaN,20.195618539393,42.9605726254099,2178.51740386022,167.41644982998,25.639572,-9.9e+37,291.397,332.681,291.441,332.681,1.99358573751253
20230601111122.5,89.699000492692,9.5297656,1.6696344,2.039533,2.1748425,7.431e-06,1.9669e-05,0.008850466,0.10224084,1.2820006,0.010233989,-9.9e+37,291.373,292.205,291.427,678.806,89.699000492692,NaN,20.1981469715382,42.9328115063299,2177.96205839749,164.332527382534,25.640012,-9.9e+37,291.373,678.806,291.427,678.806,0.786812053703641
20230601111123.3,90.5550006777048,9.5298534,1.7308635,2.0395879,2.1741072,7.649e-06,4.48e-06,-0.03829136,0.06563502,1.2817701,0.00929707,-9.9e+37,291.384,292.202,291.43,577.26,90.5550006777048,NaN,20.1983906557779,43.00240444868,2168.66033815269,170.455362825501,25.635402,-9.9e+37,291.384,577.26,291.43,577.26,0.777859088861711
20230601111124.2,91.4139982312918,9.5297326,1.7445162,2.039972,2.1740084,-3.825e-06,-3.278e-06,-0.088432679,0.02849355,1.2817482,0.004287055,-9.9e+37,291.395,292.224,291.438,-9.9e+37,91.4139982312918,NaN,20.1980553817898,43.4893015189282,2167.41049460558,171.820616200975,25.634964,-9.9e+37,291.395,-9.9e+37,291.438,-9.9e+37,0.928175014010796
20230601111125,92.2810021787882,9.5299302,1.9163724,2.0402244,2.1738548,2.6881e-05,-2.076e-06,-0.007975612,0.041454064,1.2817591,0.012160608,-9.9e+37,291.375,292.18,291.403,217.126,92.2810021787882,NaN,20.1986038101015,43.8092515853969,2165.46741799794,189.006026936291,25.635182,-9.9e+37,291.375,217.126,291.403,217.126,1.15010747687587
20230601111125.9,93.1289959698915,9.5298973,1.8264441,2.0402573,2.1739755,-4.699e-06,-3.934e-06,-0.077424121,-0.010883623,1.2819457,-0.002120254,-9.9e+37,291.378,292.208,291.441,-9.9e+37,93.1289959698915,NaN,20.1985124978978,43.8509566455664,2166.99430176449,180.013306439569,25.638914,-9.9e+37,291.378,-9.9e+37,291.441,-9.9e+37,0.741383919307345
20230601111126.7,93.9840003848076,9.5297546,1.7167278,2.0402683,2.1739974,3.0597e-05,-2.95e-06,0.015337874,0.003590101,1.2819128,0.01023683,-9.9e+37,291.397,292.169,291.397,236.938,93.9840003848076,NaN,20.1981164416221,43.8649005866569,2167.27134198394,169.041810038164,25.638256,-9.9e+37,291.397,236.938,291.397,236.938,1.16402819213996
20230601111127.6,94.8590006679296,9.5300509,1.7934865,2.0402683,2.1739426,1.1037e-05,3.715e-06,0.011493596,-0.010302282,1.2820225,0.000402785,-9.9e+37,291.378,292.188,291.411,467.665,94.8590006679296,NaN,20.1989388065449,43.8649005866569,2166.5781089234,176.717586571154,25.64045,-9.9e+37,291.378,467.665,291.411,467.665,0.554404440990026
20230601111128.5,95.7340009510517,9.5302814,1.8685767,2.0410256,2.1739974,-1.4643e-05,5.027e-06,-0.025203041,-0.045712057,1.2819457,-0.01043691,-9.9e+37,291.381,292.229,291.419,356.362,95.7340009510517,NaN,20.1995785470602,44.8248775491638,2167.27134198394,184.226515135832,25.638914,-9.9e+37,291.381,356.362,291.419,356.362,0.254040538408287
20230601111129.3,96.5940043330193,9.5303143,1.6806643,2.0411353,2.1739865,6.447e-06,-4.59e-06,0.020976551,-0.031751408,1.2820225,-0.004484843,-9.9e+37,291.384,292.178,291.397,205.502,96.5940043330193,NaN,20.1996698592639,44.9639366707629,2167.13345438613,165.43550395172,25.64045,-9.9e+37,291.384,205.502,291.397,205.502,0.370528760025331
20230601111130.2,97.4569950252771,9.5302375,1.9229135,2.0406414,2.1740304,8.414e-06,-5.46e-07,0.020931201,0.002318913,1.2820006,-0.011421034,-9.9e+37,291.392,292.178,291.425,462.06,97.4569950252771,NaN,20.1994567049404,44.3378537158146,2167.68879984886,189.660128971369,25.640012,-9.9e+37,291.392,462.06,291.425,462.06,0.312436275193785
20230601111131.1,98.3009956777096,9.5302704,1.8313938,2.0402902,2.1740194,-7.321e-06,-6.775e-06,-0.036230668,-0.082420006,1.2820225,-0.020602048,-9.9e+37,291.389,292.221,291.427,374.715,98.3009956777096,NaN,20.1995480171441,43.8926617057359,2167.54964722722,180.508270412452,25.64045,-9.9e+37,291.389,374.715,291.427,374.715,0.276058151524043
20230601111131.9,99.1560000926256,9.5460527,1.8578213,2.0411024,2.1740194,-1.093e-06,-1.0818e-05,0.011874418,-0.062657288,1.2819786,0.000512497,-9.9e+37,291.416,292.218,291.405,180.19,99.1560000926256,NaN,20.2433509530892,44.9222316105934,2167.54964722722,183.150988232394,25.639572,-9.9e+37,291.416,180.19,291.405,180.19,299.196877787738
20230601111132.8,100.007997080684,9.5347591,1.7561386,2.0411353,2.1747328,1.2129e-05,1.7375e-05,0.056953912,0.00464307,1.2818799,0.012115041,-9.9e+37,291.381,292.229,291.416,549.018,100.007997080684,NaN,20.2120061657395,44.9639366707629,2176.57432725258,172.98284204869,25.637598,-9.9e+37,291.381,549.018,291.416,549.018,-5.406554173314
20230601111133.6,100.848004594445,9.505094,1.7704279,2.0403012,2.1748754,2.4477e-05,-1.421e-06,-0.014866455,-0.025338213,1.2820445,-0.012450725,-9.9e+37,291.386,292.205,291.411,-9.9e+37,100.848004594445,NaN,20.1296722552761,43.9066056468264,2178.37825123858,174.411754648993,25.64089,-9.9e+37,291.386,-9.9e+37,291.411,-9.9e+37,31.2614427041468
20230601111134.5,101.714998483658,9.5288217,1.6967316,2.0402793,2.1748864,-1.202e-06,-1.8467e-05,-0.012764017,-0.028559071,1.2820225,-0.015350431,-9.9e+37,291.416,292.21,291.433,140.274,101.714998483658,NaN,20.1955272271893,43.8788445277464,2178.51740386022,167.042214387,25.64045,-9.9e+37,291.416,140.274,291.433,140.274,0.081616018143964
20230601111135.4,102.651998028159,9.5502451,1.7527913,2.0402354,2.1748315,2.6226e-05,-1.093e-06,0.028584139,-0.00379425,1.282242,0.000616198,-9.9e+37,291.425,292.232,291.449,933.805,102.651998028159,NaN,20.2549867367618,43.8231955264869,2177.82290577585,172.648116124608,25.64484,-9.9e+37,291.425,933.805,291.449,933.805,-24.4693521678344
20230601111136.3,103.512001410127,9.5473916,1.8510498,2.0402902,2.1748315,-5.464e-06,-4.699e-06,-0.011653569,-0.17700398,1.2822969,4.7753e-05,-9.9e+37,291.4,292.229,291.446,-9.9e+37,103.512001410127,NaN,20.2470669989721,43.8926617057359,2177.82290577585,182.473846477868,25.645938,-9.9e+37,291.4,-9.9e+37,291.446,-9.9e+37,-21.5048406423946
20230601111137.3,104.499996453524,9.5380845,1.7723815,2.039972,2.1749193,4.37e-07,-9.398e-06,0.004351636,7.6164e-05,1.282275,0.010037623,-9.9e+37,291.389,292.205,291.444,304.357,104.499996453524,NaN,20.2212356369314,43.4893015189282,2178.93359670131,174.607112270147,25.6455,-9.9e+37,291.389,304.357,291.444,304.357,-10.289963687545
20230601111138.1,105.35500086844,9.5336616,1.764282,2.0398512,2.1748645,1.1365e-05,1.6063e-05,0.055432589,0.050599807,1.2820116,9.8019e-05,-9.9e+37,291.378,292.218,291.463,385.283,105.35500086844,NaN,20.2089601127434,43.3361716931381,2178.24036364077,173.79717213269,25.640232,-9.9e+37,291.378,385.283,291.463,385.283,-4.13140555038527
20230601111139,106.199001520872,9.5316203,1.7197459,2.0402244,2.1747218,8.523e-06,-3.169e-06,-0.003948413,0.021554831,1.2820335,-0.009542169,-9.9e+37,291.433,292.191,291.463,128.293,106.199001520872,NaN,20.2032945929431,43.8092515853969,2176.43517463094,169.343616363105,25.64067,-9.9e+37,291.433,128.293,291.463,128.293,-0.252802130895655
20230601111139.8,107.055001705885,9.5318947,1.7633382,2.0395659,2.1740413,-1.202e-05,5.901e-06,-0.007706687,0.007685818,1.2819677,-0.007841969,-9.9e+37,291.419,292.213,291.474,631.222,107.055001705885,NaN,20.2040561755783,42.9745165664995,2167.82668744667,173.70279328193,25.639354,-9.9e+37,291.419,631.222,291.474,631.222,-1.73955416321246
20230601111140.7,107.925998792052,9.5315874,1.8527619,2.0395988,2.1740304,-1.7921e-05,7.977e-06,-0.002382184,-0.009737333,1.2819347,0.002987234,-9.9e+37,291.422,292.216,291.46,313.154,107.925998792052,NaN,20.2032032807394,43.016221626669,2167.68879984886,182.64505439309,25.638694,-9.9e+37,291.422,313.154,291.46,313.154,-1.48581648917252
20230601111141.5,108.769003674388,9.5315215,1.8019811,2.0395549,2.1739755,-8.414e-06,4.152e-06,0.008358183,0.044086493,1.2817591,0.01686007,-9.9e+37,291.405,292.227,291.457,410.825,108.769003674388,NaN,20.2030203787872,42.9605726254099,2166.99430176449,177.567036227508,25.635182,-9.9e+37,291.405,410.825,291.457,410.825,-1.30598960086122
20230601111142.4,109.628996998072,9.5318947,1.8322388,2.0395549,2.1739316,4.262e-06,8.851e-06,-0.038359,0.050457642,1.2816274,0.013145499,-9.9e+37,291.4,292.235,291.444,-9.9e+37,109.628996998072,NaN,20.2040561755783,42.9605726254099,2166.43895630176,180.592769383518,25.632548,-9.9e+37,291.4,-9.9e+37,291.444,-9.9e+37,-1.75248913837361
20230601111143.2,110.496000945568,9.5318947,1.8157106,2.039533,2.1739316,1.8467e-05,9.83e-07,-0.024442382,0.049123397,1.2817152,0.010460624,-9.9e+37,291.425,292.216,291.441,-9.9e+37,110.496000945568,NaN,20.2040561755783,42.9328115063299,2166.43895630176,178.939969509464,25.634304,-9.9e+37,291.425,-9.9e+37,291.441,-9.9e+37,-1.74398718481865
20230601111144.1,111.344004794955,9.5315764,1.8514339,2.0395549,2.1739096,1.639e-06,1.858e-06,-0.062038795,0.036951295,1.2819786,-0.000978005,-9.9e+37,291.414,292.235,291.455,-9.9e+37,111.344004794955,NaN,20.2031727508232,42.9605726254099,2166.16065105848,182.51225601016,25.639572,-9.9e+37,291.414,-9.9e+37,291.455,-9.9e+37,-1.3564326285083
20230601111145,112.198999151587,9.5318288,1.6523051,2.0395659,2.1740084,2.0544e-05,-8.74e-07,0.015203685,0.032452129,1.2820555,0.011936923,-9.9e+37,291.411,292.221,291.452,100.128,112.198999151587,NaN,20.2038732736261,42.9745165664995,2167.41049460558,162.599618483957,25.64111,-9.9e+37,291.411,100.128,291.452,100.128,-0.490350113728861
20230601111145.8,113.066003099084,9.5318288,1.7110648,2.0387208,2.1740194,4.371e-06,3.825e-06,-0.004575759,0.016948691,1.2820664,0.005895574,-9.9e+37,291.405,292.251,291.449,496.16,113.066003099084,NaN,20.2038732736261,41.9032416014734,2167.54964722722,168.475516933847,25.641328,-9.9e+37,291.405,496.16,291.449,496.16,-1.62430069958104
20230601111146.7,113.922003284097,9.5318508,1.7901172,2.0386769,2.1740413,-7.103e-06,4.917e-06,-0.028470449,-0.016104862,1.2820116,0.008714419,-9.9e+37,291.419,292.251,291.433,149.06,113.922003284097,NaN,20.2039343334584,41.8475926002134,2167.82668744667,176.38066067386,25.640232,-9.9e+37,291.419,149.06,291.433,149.06,0.202652158916585
20230601111147.5,114.766003936529,9.531774,1.6779755,2.0387208,2.1744474,1.2239e-05,8.305e-06,0.030909939,0.045631197,1.2820116,0.01729214,-9.9e+37,291.384,292.257,291.438,354.592,114.766003936529,NaN,20.2037211791349,41.9032416014734,2172.9639492329,165.1666272258,25.640232,-9.9e+37,291.384,354.592,291.438,354.592,-1.63799363376227
20230601111148.4,115.625001490116,9.5317191,1.7992154,2.038655,2.1749523,4.371e-06,3.388e-06,-0.031020911,0.028941029,1.2820555,0.001823789,-9.9e+37,291.384,292.235,291.457,332.496,115.625001490116,NaN,20.2035688070989,41.8198314811339,2179.35105456624,177.290469595226,25.64111,-9.9e+37,291.384,332.496,291.457,332.496,-1.70667018289384
20230601111149.2,116.472995281219,9.5318069,1.6599326,2.0386989,2.1749413,1.4752e-05,-2.19e-07,-0.015985534,0.01755123,1.2820006,-0.002382403,-9.9e+37,291.384,292.218,291.419,-9.9e+37,116.472995281219,NaN,20.2038124913386,41.8754804823934,2179.2119019446,163.362359196155,25.640012,-9.9e+37,291.384,-9.9e+37,291.419,-9.9e+37,-1.65737886493827
20230601111150.1,117.316000163555,9.5318837,1.8119133,2.0395769,2.1748645,1.202e-06,-2.19e-07,-0.049587789,0.004061838,1.2820116,-0.010342932,-9.9e+37,291.405,292.148,291.435,-9.9e+37,117.316000163555,NaN,20.2040256456621,42.9884605075899,2178.24036364077,178.560244133334,25.640232,-9.9e+37,291.405,-9.9e+37,291.435,-9.9e+37,-1.83701647971216
20230601111150.9,118.176003545523,9.5315545,1.694789,2.039544,2.1748425,2.185e-06,1.53e-06,-0.008870461,-0.016298715,1.2819896,0.003076621,-9.9e+37,291.392,292.161,291.416,-9.9e+37,118.176003545523,NaN,20.2031119685357,42.9467554474199,2177.96205839749,166.847956752452,25.639792,-9.9e+37,291.392,-9.9e+37,291.416,-9.9e+37,-1.37440824743099
20230601111151.8,119.04700063169,9.5309947,1.7987874,2.0395549,2.1748864,1.0927e-05,6.119e-06,0.041722879,-0.004350654,1.2820445,0.004035175,-9.9e+37,291.381,292.139,291.433,532.016,119.04700063169,NaN,20.2015582733491,42.9605726254099,2178.51740386022,177.247670116391,25.64089,-9.9e+37,291.381,532.016,291.433,532.016,-0.72998316846077
20230601111152.7,119.898001849651,9.5315654,1.8161606,2.0396098,2.1748645,4.043e-06,4.48e-06,-0.029678587,-0.049065133,1.2820555,-0.009631665,-9.9e+37,291.395,292.194,291.452,138.967,119.898001849651,NaN,20.2031422209071,43.0301655677595,2178.24036364077,178.984968961511,25.64111,-9.9e+37,291.395,138.967,291.452,138.967,-0.0876499017216822
20230601111153.5,120.757995173335,9.5320922,1.6690967,2.0390501,2.1748096,2.295e-06,4.917e-06,-0.011181396,-0.01746325,1.282275,0.004693009,-9.9e+37,291.403,292.104,291.482,-9.9e+37,120.757995173335,NaN,20.2046043263452,42.3206724924721,2177.5458655564,164.278758037277,25.6455,-9.9e+37,291.403,-9.9e+37,291.482,-9.9e+37,-1.99644667394797
20230601111154.4,121.605003252625,9.533091,1.8252917,2.0386989,2.1748754,6.775e-06,2.19e-07,0.0355281,0.056789673,1.2822311,0.016188032,-9.9e+37,291.4,291.924,291.471,371.444,121.605003252625,NaN,20.2073764427301,41.8754804823934,2178.37825123858,179.898067842815,25.644622,-9.9e+37,291.4,371.444,291.471,371.444,-3.45945328968883
20230601111155.2,122.464996576309,9.532619,1.8050431,2.0386769,2.1747986,5.792e-06,-1.311e-06,-0.020102227,-0.006677871,1.2822969,-0.00690232,-9.9e+37,291.375,291.796,291.485,222.153,122.464996576309,NaN,20.2060664317833,41.8475926002134,2177.40671293476,177.873232498992,25.645938,-9.9e+37,291.375,222.153,291.485,222.153,-4.03012518048018
20230601111156.1,123.32400418818,9.5323447,1.880243,2.0386769,2.1748645,6.994e-06,-3.06e-06,0.012921487,-0.032545286,1.2820116,-0.012988029,-9.9e+37,291.386,291.711,291.482,441.913,123.32400418818,NaN,20.2053051266928,41.8475926002134,2178.24036364077,185.393130930092,25.640232,-9.9e+37,291.386,441.913,291.482,441.913,-2.48357269335783
20230601111156.9,124.171997979283,9.5324325,1.7865065,2.038644,2.1748535,1.421e-06,-3.169e-06,-0.030539558,-0.087558598,1.2820116,-0.026207161,-9.9e+37,291.403,291.703,291.452,163.807,124.171997979283,NaN,20.2055488109325,41.8058875400438,2178.10121101914,176.019595070513,25.640232,-9.9e+37,291.403,163.807,291.452,163.807,1.94094338549971
20230601111157.8,125.01899600029,9.5267036,1.7552058,2.0386769,2.1748535,7.868e-06,1.1365e-05,0.058832891,-0.025338432,1.2820555,0.00406162,-9.9e+37,291.378,291.719,291.449,833.224,125.01899600029,NaN,20.1896485530654,41.8475926002134,2178.10121101914,172.889563184536,25.64111,-9.9e+37,291.378,833.224,291.449,833.224,4.59791918337596
20230601111158.6,125.874996185303,9.5241574,1.9219696,2.038655,2.1748974,-6.884e-06,3.715e-06,0.014487938,-0.000637616,1.2820555,0.009431368,-9.9e+37,291.381,291.76,291.463,491.142,125.874996185303,NaN,20.1825817101145,41.8198314811339,2178.65655648186,189.56574012073,25.64111,-9.9e+37,291.381,491.142,291.463,491.142,8.17373278326211
20230601111159.5,126.737996935844,9.5242452,1.7699012,2.0386879,2.1748754,-4.37e-07,3.169e-06,0.002763878,0.028449294,1.2820664,0.013592869,-9.9e+37,291.384,291.766,291.449,377.986,126.737996935844,NaN,20.1828253943542,41.8615365413038,2178.37825123858,174.359085290341,25.641328,-9.9e+37,291.384,377.986,291.449,377.986,7.88763248942986
20230601111200.4,127.609004080296,9.5434736,1.7628114,2.038633,2.1748864,-1.0053e-05,4.917e-06,-0.03052874,0.047998961,1.2820116,0.013637565,-9.9e+37,291.397,291.796,291.438,-9.9e+37,127.609004080296,NaN,20.2361927979346,41.7919435989534,2178.51740386022,173.650113923401,25.640232,-9.9e+37,291.397,-9.9e+37,291.438,-9.9e+37,-16.1100981699843
20230601111201.2,128.468997403979,9.5466344,1.7777592,2.038666,2.1748864,-5.46e-07,3.934e-06,-0.053915915,0.041783854,1.2819896,0.01142082,-9.9e+37,291.403,291.798,291.457,-9.9e+37,128.468997403979,NaN,20.2449654305633,41.8337754222239,2178.51740386022,175.144875721866,25.639792,-9.9e+37,291.403,-9.9e+37,291.457,-9.9e+37,-20.1033831928661
20230601111202.1,129.324001818895,9.5336616,1.8307023,2.038666,2.1749193,2.513e-06,-7.212e-06,-0.039209592,0.065232344,1.2820335,0.020528853,-9.9e+37,291.375,291.82,291.449,-9.9e+37,129.324001818895,NaN,20.2089601127434,41.8337754222239,2178.93359670131,180.439121254473,25.64067,-9.9e+37,291.375,-9.9e+37,291.449,-9.9e+37,-4.07248284029277
20230601111202.9,130.180002003908,9.5327617,1.6232765,2.0386879,2.1748754,8.086e-06,-2.513e-06,-0.006320325,0.041644639,1.2820335,0.009520209,-9.9e+37,291.375,291.807,291.449,-9.9e+37,130.180002003908,NaN,20.206462488059,41.8615365413038,2178.37825123858,159.696793831305,25.64067,-9.9e+37,291.375,-9.9e+37,291.449,-9.9e+37,-2.76152025706609
20230601111203.8,131.038999557495,9.5337714,1.6703588,2.0378758,2.1749193,7.977e-06,1.2239e-05,0.008768619,0.001689928,1.2820664,0.001034282,-9.9e+37,291.37,291.858,291.433,442.568,131.038999557495,NaN,20.2092648568153,40.8320933995474,2178.93359670131,164.404966500451,25.641328,-9.9e+37,291.37,442.568,291.433,442.568,-4.07226823640718
20230601111204.6,131.894003972411,9.5337055,1.6955133,2.0384465,2.1749413,6.666e-06,1.6719e-05,0.019992863,-0.008870243,1.2819567,-0.004485389,-9.9e+37,291.365,291.888,291.438,431.058,131.894003972411,NaN,20.2090819548632,41.5555304159247,2179.2119019446,166.920385870491,25.639134,-9.9e+37,291.365,431.058,291.438,431.058,-4.0428777235578
20230601111205.5,132.750004157424,9.5338263,1.8088733,2.0382818,2.1748645,7.103e-06,1.4861e-05,0.01981365,0.021066047,1.2820225,-0.000726346,-9.9e+37,291.359,291.921,291.427,474.642,132.750004157424,NaN,20.2094172288513,41.3467515888751,2178.24036364077,178.256247835061,25.64045,-9.9e+37,291.359,474.642,291.427,474.642,-4.29494686934667
20230601111206.4,133.597997948527,9.533958,1.8374739,2.037777,2.1748974,9.507e-06,1.53e-06,0.012484497,0.059550824,1.2818689,0.002044195,-9.9e+37,291.381,291.916,291.419,385.556,133.597997948527,NaN,20.2097827552109,40.7068514559378,2178.65655648186,181.116273008877,25.637378,-9.9e+37,291.381,385.556,291.419,385.556,-4.56402969047034
20230601111207.2,134.465001896024,9.5338811,1.7081454,2.0377441,2.1748535,-5.46e-07,-4.152e-06,-0.063015376,-0.024487403,1.2820225,-0.023710791,-9.9e+37,291.403,291.959,291.441,-9.9e+37,134.465001896024,NaN,20.2095693233426,40.6651463957678,2178.10121101914,168.183580488722,25.64045,-9.9e+37,291.403,-9.9e+37,291.441,-9.9e+37,-4.17358208036276
20230601111208.1,135.331995785236,9.5339909,2.0140054,2.037788,2.1748425,6.229e-06,2.0216e-05,0.037130833,-0.009944627,1.2820006,-0.003679489,-9.9e+37,291.365,291.948,291.43,777.078,135.331995785236,NaN,20.2098740674146,40.7207953970278,2177.96205839749,198.769208051206,25.640012,-9.9e+37,291.365,777.078,291.43,777.078,-4.69335498512452
20230601111209,136.206996068358,9.5338921,1.8337314,2.0377331,2.1749303,1.311e-06,5.573e-06,-0.015626786,-0.012116346,1.2819238,-0.002113479,-9.9e+37,291.416,291.987,291.416,155.522,136.206996068358,NaN,20.2095998532587,40.6512024546778,2179.07274932296,180.742027566019,25.638476,-9.9e+37,291.416,155.522,291.416,155.522,1.37628285195492
20230601111209.8,137.074000015855,9.5334421,1.8195738,2.038633,2.1748425,3.278e-06,9.83e-07,-0.010481166,0.031268686,1.2820335,0.008402332,-9.9e+37,291.419,291.957,291.427,-9.9e+37,137.074000015855,NaN,20.2083509021442,41.7919435989534,2177.96205839749,179.326284805349,25.64067,-9.9e+37,291.419,-9.9e+37,291.427,-9.9e+37,-3.77484867679355
20230601111210.7,137.930000200868,9.5334202,1.7574556,2.0386769,2.1748425,5.245e-06,-1.311e-06,0.013951073,0.034987848,1.2819128,0.000615761,-9.9e+37,291.4,291.962,291.46,368.186,137.930000200868,NaN,20.2082901198566,41.8475926002134,2177.96205839749,173.114540445015,25.638256,-9.9e+37,291.4,368.186,291.46,368.186,-3.81373207614936
20230601111211.5,138.785004615784,9.5331129,1.7469417,2.0386879,2.1748206,9.616e-06,2.185e-06,0.020293913,-0.026545693,1.2819786,-0.011691596,-9.9e+37,291.405,291.998,291.482,539.685,138.785004615784,NaN,20.2074372250177,41.8615365413038,2177.68501817804,172.063163247509,25.639572,-9.9e+37,291.405,539.685,291.482,539.685,-3.31828495759791
20230601111212.4,139.637001603842,9.5333653,1.7540754,2.0386769,2.1748974,-2.19e-07,3.934e-06,-0.03003963,-0.065624294,1.2820116,-0.018773887,-9.9e+37,291.441,292.036,291.476,245.336,139.637001603842,NaN,20.2081377478206,41.8475926002134,2178.65655648186,172.776524560993,25.640232,-9.9e+37,291.441,245.336,291.476,245.336,-4.52148696684043
20230601111213.2,140.488002821803,9.5333653,1.6686577,2.0386769,2.1748425,7.103e-06,-6.56e-07,0.066885887,0.027066203,1.2819457,0.002764424,-9.9e+37,291.4,291.992,291.482,563.616,140.488002821803,NaN,20.2081377478206,41.8475926002134,2177.96205839749,164.234858571835,25.638914,-9.9e+37,291.4,563.616,291.482,563.616,-3.54558734520314
20230601111214.1,141.351003572345,9.5332446,1.7994129,2.038655,2.1748974,1.2894e-05,3.28e-07,-0.0131656,-0.03510558,1.2819347,-0.019431171,-9.9e+37,291.43,292.017,291.506,147.36,141.351003572345,NaN,20.2078027513772,41.8198314811339,2178.65655648186,177.310219354736,25.638694,-9.9e+37,291.43,147.36,291.506,147.36,0.289519626887907
20230601111215,142.219003289938,9.5338482,1.7248273,2.038666,2.1748315,1.09e-07,3.934e-06,-0.010203935,-0.05665476,1.2819896,-0.010360743,-9.9e+37,291.425,292.038,291.485,363.932,142.219003289938,NaN,20.2094780111389,41.8337754222239,2177.82290577585,169.85175017562,25.639792,-9.9e+37,291.425,363.932,291.485,363.932,-4.32458872891773
20230601111215.8,143.090000376105,9.5338702,1.6737171,2.038666,2.1748864,1.4315e-05,9.83e-07,0.039636936,-0.005558462,1.2819457,0.004464298,-9.9e+37,291.43,292.038,291.487,241.742,143.090000376105,NaN,20.2095390709712,41.8337754222239,2178.51740386022,164.740792411139,25.638914,-9.9e+37,291.43,241.742,291.487,241.742,-5.2671120342437
20230601111216.7,143.945004791021,9.5338043,1.6378841,2.038633,2.1748974,1.4315e-05,6.56e-07,-0.006498551,-0.024352449,1.2820116,-0.007304121,-9.9e+37,291.433,292.017,291.485,134.725,143.945004791021,NaN,20.2093561690191,41.7919435989534,2178.65655648186,161.157536044022,25.640232,-9.9e+37,291.433,134.725,291.485,134.725,-0.450519036807969
20230601111217.6,144.80099491775,9.5338482,1.6289615,2.038666,2.1749523,7.758e-06,-7.65e-07,0.038326624,-0.034306021,1.282275,-0.005693744,-9.9e+37,291.405,292.044,291.495,592.711,144.80099491775,NaN,20.2094780111389,41.8337754222239,2179.35105456624,160.265286908833,25.6455,-9.9e+37,291.405,592.711,291.495,592.711,-4.08652372191621
20230601111218.4,145.655999332666,9.5338482,1.698729,2.038666,2.1748864,4.48e-06,7.758e-06,-0.015761522,-0.060639437,1.2822091,-0.013748252,-9.9e+37,291.435,292.079,291.476,388.837,145.655999332666,NaN,20.2094780111389,41.8337754222239,2178.51740386022,167.24195195482,25.644182,-9.9e+37,291.435,388.837,291.476,388.837,-4.26032888078799
20230601111219.3,146.523003280163,9.5338482,1.7707352,2.0386111,2.1748645,1.1146e-05,1.2457e-05,0.070064797,-0.008154931,1.2821981,0.00997643,-9.9e+37,291.411,292.082,291.468,690.538,146.523003280163,NaN,20.2094780111389,41.7641824798739,2178.24036364077,174.442484274802,25.643962,-9.9e+37,291.411,690.538,291.468,690.538,-4.24250667718193
20230601111220.1,147.375000268221,9.5337604,1.6977961,2.0395769,2.1748535,3.06e-06,7.321e-06,-0.033213499,-0.017244264,1.282253,-0.00345646,-9.9e+37,291.435,292.079,291.487,242.96,147.375000268221,NaN,20.2092343268992,42.9884605075899,2178.10121101914,167.148663090787,25.64506,-9.9e+37,291.435,242.96,291.487,242.96,-5.12007301903455
20230601111221,148.245997354388,9.5337824,1.8384616,2.038633,2.1749084,-1.202e-06,-2.076e-06,-0.021866897,0.016815267,1.2822201,0.007734554,-9.9e+37,291.444,292.088,291.487,-9.9e+37,148.245997354388,NaN,20.2092953867315,41.7919435989534,2178.79570910351,181.215041806182,25.644402,-9.9e+37,291.444,-9.9e+37,291.487,-9.9e+37,-4.23140449862572
20230601111221.9,149.101001769304,9.5333653,1.9887628,2.0387208,2.1749084,1.8249e-05,-1.09e-07,0.001286815,0.036817325,1.282275,0.013324272,-9.9e+37,291.433,292.074,291.455,-9.9e+37,149.101001769304,NaN,20.2081377478206,41.9032416014734,2178.79570910351,196.244978788442,25.6455,-9.9e+37,291.433,-9.9e+37,291.455,-9.9e+37,-3.85784256474024
20230601111222.7,149.952998757362,9.5334092,1.9631913,2.0387099,2.1749413,-9.288e-06,6.119e-06,-0.029409445,0.016540441,1.2822201,0.007731058,-9.9e+37,291.446,292.115,291.476,275.394,149.952998757362,NaN,20.2082595899405,41.8894244234839,2179.2119019446,193.687859926172,25.644402,-9.9e+37,291.446,275.394,291.476,275.394,-4.41350047279154
20230601111223.6,150.820002704859,9.5334531,1.7199105,2.0386989,2.1749193,3.934e-06,-5.027e-06,-0.033168696,-0.013837529,1.2819457,0.008491609,-9.9e+37,291.457,292.088,291.465,-9.9e+37,150.820002704859,NaN,20.2083814320603,41.8754804823934,2178.93359670131,169.360076162676,25.638914,-9.9e+37,291.457,-9.9e+37,291.465,-9.9e+37,-3.69162938190884
20230601111224.4,151.679996028543,9.5338372,1.7857272,2.038633,2.1749084,1.0381e-05,1.858e-06,0.030576324,0.031562855,1.2819238,0.005377941,-9.9e+37,291.419,292.123,291.471,491.109,151.679996028543,NaN,20.2094474812228,41.7919435989534,2178.79570910351,175.941666019446,25.638476,-9.9e+37,291.419,491.109,291.471,491.109,-4.28584805212371
20230601111225.3,152.546999976039,9.5337604,1.648837,2.0386879,2.1748754,-7.54e-06,3.278e-06,-0.025919662,-0.031104178,1.2819128,-0.008424185,-9.9e+37,291.449,292.126,291.493,452.015,152.546999976039,NaN,20.2092343268992,41.8615365413038,2178.37825123858,162.25281270697,25.638256,-9.9e+37,291.449,452.015,291.493,452.015,-4.03699396063569
20230601111226.2,153.398001194,9.5440553,1.8720009,2.0395988,2.1749193,7.321e-06,-1.748e-06,0.037578093,0.033010197,1.2821542,0.006477352,-9.9e+37,291.441,292.055,291.482,482.197,153.398001194,NaN,20.2378072754087,43.016221626669,2178.93359670131,184.568930966276,25.643084,-9.9e+37,291.441,482.197,291.482,482.197,-17.5841810529502
20230601111227.1,154.351003468037,9.5488623,1.7404445,2.0395769,2.1748864,-5.682e-06,5.354e-06,-0.030125301,-0.0006838,1.2821323,-0.009094473,-9.9e+37,291.463,291.913,291.495,366.074,154.351003468037,NaN,20.2511488487591,42.9884605075899,2178.51740386022,171.413451158975,25.642646,-9.9e+37,291.463,366.074,291.495,366.074,-23.4654192936196
20230601111228,155.214999988675,9.5268682,1.7068833,2.038655,2.1748974,2.3385e-05,-2.19e-07,0.028047381,-0.17354779,1.2821323,-0.006677761,-9.9e+37,291.43,291.861,291.452,9.9e+37,155.214999988675,NaN,20.1901053916286,41.8198314811339,2178.65655648186,168.057372025548,25.642646,-9.9e+37,291.43,9.9e+37,291.452,9.9e+37,4.31981276398897
20230601111228.8,156.078000739217,9.5161238,1.7199434,2.0387208,2.1748535,2.2073e-05,-6.56e-07,0.006657218,-0.2384013,1.2820774,-0.011510747,-9.9e+37,291.463,291.875,291.46,9.9e+37,156.078000739217,NaN,20.160284879728,41.9032416014734,2178.10121101914,169.363366122614,25.641548,-9.9e+37,291.463,9.9e+37,291.46,9.9e+37,17.4219368997708
20230601111229.7,156.948997825384,9.5181431,1.9159883,2.038655,2.1747876,8.96e-06,-4.37e-07,0.052670344,-0.32308156,1.2820774,-0.003590321,-9.9e+37,291.452,291.883,291.485,1304.935,156.948997825384,NaN,20.1658893396961,41.8198314811339,2177.26756031312,188.967617403999,25.641548,-9.9e+37,291.452,1304.935,291.485,1304.935,15.8258303526759
20230601111230.6,157.807995378971,9.5207881,1.9680752,2.0386769,2.1748425,8.086e-06,1.748e-06,0.041684633,-0.38594158,1.2820664,-0.011537192,-9.9e+37,291.452,291.875,291.485,771.704,157.807995378971,NaN,20.1732303968028,41.8475926002134,2177.96205839749,194.176243979178,25.641328,-9.9e+37,291.452,771.704,291.485,771.704,12.6092427503541
20230601111231.4,158.660002425313,9.5228514,1.7741155,2.0386879,2.1747986,-2.732e-06,3.388e-06,0.013370167,-0.20222353,1.2820664,-0.027172819,-9.9e+37,291.46,291.918,291.534,-9.9e+37,158.660002425313,NaN,20.1789569764354,41.8615365413038,2177.40671293476,174.780510158701,25.641328,-9.9e+37,291.46,-9.9e+37,291.534,-9.9e+37,9.38591827819007
20230601111232.3,159.511999413371,9.5358456,1.6847799,2.0386989,2.1748864,7.212e-06,1.09e-07,0.057900123,0.16028226,1.2818908,-0.004664381,-9.9e+37,291.435,291.858,291.479,9.9e+37,159.511999413371,NaN,20.2150216888194,41.8754804823934,2178.51740386022,165.847058940265,25.637816,-9.9e+37,291.435,9.9e+37,291.479,9.9e+37,-6.53622270357486
20230601111233.1,160.375000163913,9.5404441,1.7619224,2.0386769,2.1749303,1.4971e-05,6.56e-07,-0.004574229,-0.20308566,1.281825,-0.020191832,-9.9e+37,291.468,291.913,291.485,1246.241,160.375000163913,NaN,20.2277845814867,41.8475926002134,2179.07274932296,173.561215005912,25.6365,-9.9e+37,291.468,1246.241,291.485,1246.241,-12.3771858556815
20230601111234,161.226001381874,9.5342653,1.8997894,2.0386879,2.1748974,1.0053e-05,5.792e-06,0.071184207,-0.23998005,1.2817921,-0.003692711,-9.9e+37,291.446,291.91,291.517,665.299,161.226001381874,NaN,20.2106356500498,41.8615365413038,2178.65655648186,187.347747128965,25.635842,-9.9e+37,291.446,665.299,291.517,665.299,-4.94086639836089
20230601111234.8,162.077998369932,9.5331678,1.7889868,2.0386221,2.1748864,-1.53e-06,-7.65e-07,-0.033782816,-0.11086821,1.281803,-0.031952364,-9.9e+37,291.474,291.946,291.498,-9.9e+37,162.077998369932,NaN,20.2075895970537,41.7781264209643,2178.51740386022,176.267622050318,25.63606,-9.9e+37,291.474,-9.9e+37,291.498,-9.9e+37,-3.40602958630188
20230601111235.7,162.9489954561,9.5331897,1.6836385,2.0387208,2.1749303,1.956e-05,2.19e-07,0.055209451,0.29193589,1.2820445,0.00204802,-9.9e+37,291.457,291.927,291.455,1310.632,162.9489954561,NaN,20.2076503793413,41.9032416014734,2179.07274932296,165.732920330117,25.64089,-9.9e+37,291.457,1310.632,291.455,1310.632,-3.33789804049168
20230601111236.6,163.80800306797,9.5329593,1.7188679,2.038194,2.1748535,6.994e-06,-1.09e-07,0.025719505,-0.25064618,1.2820555,0.002181992,-9.9e+37,291.46,291.948,291.467,9.9e+37,163.80800306797,NaN,20.2070109163706,41.2354535863551,2178.10121101914,169.255817432222,25.64111,-9.9e+37,291.46,9.9e+37,291.467,9.9e+37,-3.07175875729863
20230601111237.4,164.664003252983,9.532652,1.7537681,2.0378099,2.1748754,7.977e-06,-3.825e-06,0.019320932,-0.33160112,1.2820225,-0.007840767,-9.9e+37,291.46,291.973,291.456,9.9e+37,164.664003252983,NaN,20.2061580215317,40.7485565161073,2178.37825123858,172.745794935184,25.64045,-9.9e+37,291.46,9.9e+37,291.456,9.9e+37,-2.72009991029706
20230601111238.3,165.527004003525,9.5321581,1.7229176,2.038666,2.1749632,8.196e-06,-7.65e-07,0.039904662,-0.35306028,1.2820335,-0.008646449,-9.9e+37,291.435,291.962,291.459,1289.921,165.527004003525,NaN,20.2047872282973,41.8337754222239,2179.48894216405,169.660782501011,25.64067,-9.9e+37,291.435,1289.921,291.459,1289.921,-2.12059425822177
20230601111239.2,166.398001089692,9.5317959,1.7966802,2.0386989,2.1749303,-1.2239e-05,6.229e-06,0.00902902,-0.2054609,1.2820006,-0.025874204,-9.9e+37,291.446,292.044,291.493,-9.9e+37,166.398001089692,NaN,20.2037819614224,41.8754804823934,2179.07274932296,177.036952682271,25.640012,-9.9e+37,291.446,-9.9e+37,291.493,-9.9e+37,-1.71028399278545
20230601111240,167.273001372814,9.5311594,1.7342876,2.0387099,2.1749084,-2.404e-06,-1.748e-06,0.015153091,0.32134033,1.2820335,-0.021120991,-9.9e+37,291.463,292.074,291.465,-9.9e+37,167.273001372814,NaN,20.2020153894571,41.8894244234839,2178.79570910351,170.797768656067,25.64067,-9.9e+37,291.463,-9.9e+37,291.465,-9.9e+37,-0.898518622782057
