20230531180141.2,0,9.7486297,2.0891262,1.9831597,2.0350786,7.632e-06,4.714e-06,0.001145081,0.00071872,1.3754783,3.6532995,274.014,292.293,290.89,292.343,292.823,0,NaN,20.8055926640537,-28.5277316080114,409.915413323779,206.281196578623,27.509566,274.014,292.293,292.823,292.343,292.823,0.522401246722964
20230531180142.3,1.17999762296677,9.7488325,1.7437076,2.0010257,2.0370274,-8.081e-06,-4.601e-06,0.00146316,0.10403554,1.3755121,3.6609481,274.023,292.295,290.778,292.345,292.764,1.17999762296677,NaN,20.8061555246893,-5.88023601557961,434.568197783283,171.739757185585,27.510242,274.023,292.295,292.764,292.345,292.764,-0.424215589728997
20230531180143.4,2.21899822354317,9.7486973,1.7126285,1.9980631,2.033648,1.8742e-05,1.055e-05,-0.59359564,-0.00055107,1.3756134,3.6397031,274.071,292.29,290.694,292.337,292.91,2.21899822354317,NaN,20.8057802842656,-9.6357196404615,391.817982367415,168.631885029772,27.512268,274.071,292.29,292.91,292.337,292.91,0.250464041661569
20230531180144.3,3.1329944729805,9.7485396,1.7836746,1.9984123,2.0348533,-1.055e-05,-6.622e-06,0.62756477,0.48320457,1.3755684,3.6528939,274.048,292.273,290.764,292.337,292.714,3.1329944729805,NaN,20.8053425962861,-9.19306289239921,407.065314627802,175.736408518842,27.511368,274.048,292.273,292.714,292.337,292.714,0.307385237863577
20230531180145.2,4.03500124812126,9.7176971,1.7197027,1.9956863,2.0374329,1.9191e-05,1.0662e-05,-0.63136989,-0.43632749,1.3756472,3.662007,274.144,292.27,290.873,292.337,292.801,4.03500124812126,NaN,20.7197408746177,-12.6486250207422,439.69786942652,169.339296415708,27.512944,274.144,292.27,292.801,292.337,292.801,41.2374809292128
20230531180146.4,5.238002166152,9.7444505,1.7274753,1.9977927,2.0361713,4.04e-06,6.73e-07,0.000364859,9.9997e-05,1.3757148,3.6422714,274.145,292.269,290.993,292.339,292.904,5.238002166152,NaN,20.7939935162804,-9.97848706507784,423.738328748092,170.116546951222,27.514296,274.145,292.269,292.904,292.339,292.904,5.63015919279671
20230531180147.3,6.09799548983574,9.7480102,1.6504253,2.0006202,2.036926,7.519e-06,4.489e-06,-0.040732039,-0.054732017,1.3757148,3.6552257,274.196,292.243,291.068,292.314,292.882,6.09799548983574,NaN,20.803873274686,-6.39426038940292,433.285463616518,162.41164077294,27.514296,274.196,292.243,292.882,292.314,292.882,0.686014436684649
20230531180148.3,7.14899562299252,9.7374665,1.7919541,2.0029181,2.0380525,-1.2794e-05,-7.744e-06,0.00363708,0.00357298,1.3757261,3.6451551,274.171,292.221,291.054,292.306,292.823,7.14899562299252,NaN,20.7746097949825,-3.4813710956696,447.535957096421,176.564348437117,27.514522,274.171,292.221,292.823,292.306,292.823,14.9190282902173
20230531180149.2,7.99999684095383,9.7482129,1.7103418,1.9991896,2.0375568,1.964e-05,1.0101e-05,-0.61115457,-0.36873674,1.3757374,3.6456508,274.249,292.228,290.96,292.295,292.91,7.99999684095383,NaN,20.8044358577769,-8.20773330972861,441.265233955728,168.403217814225,27.514748,274.249,292.228,292.91,292.295,292.91,0.378237626823453
20230531180150.3,9.12099257111549,9.7455319,1.8948114,2.0007441,2.0355517,3.591e-06,2.469e-06,0.000585279,0.000409078,1.3759626,3.666986,274.26,292.239,290.814,292.301,292.703,9.12099257111549,NaN,20.7969948845811,-6.23720090748793,415.90024107819,186.849953190542,27.519252,274.26,292.239,292.703,292.301,292.703,4.39991927389788
20230531180151.1,9.98099595308304,9.7489001,1.7548934,2.0005413,2.0375568,8.866e-06,4.826e-06,-0.065876413,-0.063822836,1.3756247,3.6612523,274.289,292.251,290.726,292.314,292.796,9.98099595308304,NaN,20.8063431449012,-6.49427647594985,441.265233955728,172.858323564937,27.512494,274.289,292.251,292.796,292.314,292.796,-0.574608551229864
20230531180152.2,11.0239997506142,9.7393364,1.7245127,2.0023099,2.038075,-1.3131e-05,-7.968e-06,0.00207496,0.00272725,1.3755571,3.6441075,274.297,292.237,290.578,292.308,292.832,11.0239997506142,NaN,20.7797996031805,-4.25234427485429,447.820587458868,169.8202905587,27.511142,274.297,292.237,292.832,292.308,292.832,12.1378446641342
20230531180153,11.866994574666,9.7482805,1.6928141,2.0027604,2.0380863,2.02e-06,-2.24e-07,0.11222341,0.25800958,1.3755008,3.6513732,274.348,292.265,290.519,292.311,292.76,11.866994574666,NaN,20.8046234779888,-3.68127650566203,447.963535152005,166.650469157235,27.510016,274.348,292.265,292.76,292.311,292.76,0.14538777234197
20230531180154,12.8479991108179,9.7220114,1.685447,2.0032561,2.0373541,5.275e-06,1.01e-06,0.000453409,0.13924293,1.375467,3.6554059,274.385,292.251,290.379,292.317,292.799,12.8479991108179,NaN,20.73171498527,-3.05291181489883,438.701030646029,165.913768127955,27.50934,274.385,292.251,292.799,292.317,292.799,34.9749210128761
20230531180155,13.7929949909449,9.7481228,1.7075144,2.0011045,2.0366894,1.7171e-05,7.744e-06,-0.00296118,-0.30459298,1.3754557,3.6660397,274.41,292.243,290.336,292.322,292.611,13.7929949909449,NaN,20.8041857900093,-5.78034669213412,430.2924172274,168.120481257074,27.509114,274.41,292.243,292.611,292.322,292.611,0.567844645265769
20230531180155.8,14.640998840332,9.7328367,1.6863144,2.0007666,2.0369711,1.56e-05,8.529e-06,-0.46687716,-0.5280799,1.3755121,3.6684278,274.462,292.262,290.288,292.322,292.712,14.640998840332,NaN,20.7617600308265,-6.20867920980345,433.855989365249,166.000507071745,27.510242,274.462,292.262,292.712,292.322,292.712,20.7743724518462
20230531180156.8,15.6250007450581,9.7477849,1.8533688,2.0001358,2.0339972,1.459e-06,1.571e-06,0.17381552,-0.000297409,1.3755346,3.6442314,274.428,292.253,290.216,292.317,292.925,15.6250007450581,NaN,20.8032479664946,-7.0083008497736,396.235445592611,182.705743654084,27.510692,274.428,292.253,292.925,292.317,292.925,1.43732183624191
20230531180157.6,16.4649982005358,9.7482354,1.7704836,2.0013298,2.0324765,7.632e-06,2.806e-06,-0.13405151,-0.031243574,1.3755571,3.6359857,274.499,292.262,290.22,292.328,292.989,16.4649982005358,NaN,20.8044983053326,-5.49474942598727,376.998228162618,174.417324581168,27.511142,274.499,292.262,292.989,292.328,292.989,0.962969139813318
20230531180158.6,17.3990003764629,9.747875,1.7557044,2.0035152,2.0315303,0.000136584,-7.744e-06,0.75690881,0.00218517,1.3755684,3.6628631,274.494,292.274,290.201,292.311,292.793,17.3990003764629,NaN,20.8034980342622,-2.72446862067591,365.028572653802,172.939422577404,27.511368,274.494,292.274,292.793,292.311,292.793,1.52135021753151
20230531180159.5,18.383002281189,9.747661,1.6968018,2.0030646,2.03233,4.153e-06,3.37e-07,-3.2659e-05,0.12759502,1.3774496,3.6696669,274.522,292.271,290.156,292.322,292.673,18.383002281189,NaN,20.8029040886211,-3.2956631529687,375.144968247121,167.04923430152,27.548992,274.522,292.271,292.673,292.322,292.673,1.68826461180024
20230531180200.5,19.3359944969416,9.7479088,1.6932309,1.9994824,2.0328595,-0.000131758,1.2345e-05,-0.00201985,-0.48727358,1.3773595,3.644637,274.553,292.254,290.189,292.356,292.964,19.3359944969416,NaN,20.8035918443682,-7.83657095052877,381.843269443398,166.692148649709,27.54719,274.553,292.254,292.964,292.356,292.964,1.36506102603867
