20230601140210,0,9.6827783,1.7988752,2.0267363,2.1578863,-1.1037e-05,4.371e-06,-0.00016719,-3.311e-05,1.2842504,0.000101407,-9.9e+37,310.428,291.037,308.221,304.081,0,NaN,20.6228255986642,26.7113177837468,1963.46208720894,177.256450009479,25.685008,-9.9e+37,310.428,304.081,308.221,304.081,-0.440393711372738
20230601140211.1,1.14500485360622,9.6850611,1.7339035,2.0267911,2.1574912,2.5461e-05,-1.311e-06,0.019656622,0.007237902,1.2842614,-0.001598467,-9.9e+37,310.78,291.057,309.349,328.089,1.14500485360622,NaN,20.629161388896,26.7807839629963,1958.46397804436,170.759359123775,25.685228,-9.9e+37,310.78,328.089,309.349,328.089,-3.29885335782421
20230601140212.1,2.15999633073807,9.6857525,1.7261443,2.0267363,2.156701,7.868e-06,1.4424e-05,0.007530976,-0.007460165,1.2842614,-0.003030509,-9.9e+37,310.22,291.108,308.901,423.848,2.15999633073807,NaN,20.6310803328974,26.7113177837468,1948.46775971518,169.983448571945,25.685228,-9.9e+37,310.22,423.848,308.901,423.848,-3.93253229027655
20230601140213.1,3.10200490057468,9.6860817,1.7808321,2.0267911,2.156284,2.0325e-05,-4.37e-07,0.000818246,-0.02934541,1.2842614,-0.005312158,-9.9e+37,310.367,291.048,309.538,271.708,3.10200490057468,NaN,20.6319940100238,26.7807839629963,1943.19261033114,175.452161980078,25.685228,-9.9e+37,310.367,271.708,309.538,271.708,-4.88317603085149
20230601140213.9,3.98799888789654,9.6864439,1.6935379,2.0267472,2.1555706,7.649e-06,0,0.013989865,-0.006834133,1.2842614,-0.002594067,-9.9e+37,310.455,291.007,309.821,365.788,3.98799888789654,NaN,20.6329992768987,26.7251349617363,1934.16793030579,166.722848275883,25.685228,-9.9e+37,310.455,365.788,309.821,365.788,-4.68195317955777
20230601140214.8,4.89100143313408,9.6863781,1.6381036,2.0267143,2.1556913,6.229e-06,1.1037e-05,0.012095153,-0.036501232,1.2842614,-0.005760074,-9.9e+37,309.636,291.057,309.613,490.869,4.89100143313408,NaN,20.6328166524913,26.6834299015668,1935.69481407234,161.179485776743,25.685228,-9.9e+37,309.636,490.869,309.613,490.869,-4.42983549350015
20230601140215.7,5.76199851930141,9.6858513,1.8319645,2.0273838,2.1547365,1.639e-06,4.699e-06,0.000371096,-0.036249682,1.2842614,-0.003520495,-9.9e+37,308.911,291.013,310.061,316.168,5.76199851930141,NaN,20.6313545470532,27.5321088615538,1923.61636651388,180.565339717526,25.685228,-9.9e+37,308.911,316.168,310.061,316.168,-4.15087447319105
20230601140216.6,6.62099607288837,9.6844794,1.9839119,2.0273947,2.1547914,-1.1802e-05,3.934e-06,0.005382421,0.017241219,1.2842614,0.001802262,-9.9e+37,308.938,291.005,309.413,392.966,6.62099607288837,NaN,20.6275469114219,27.5459260395432,1924.31086459825,195.759894695253,25.685228,-9.9e+37,308.938,392.966,309.413,392.966,-2.33162500866934
20230601140217.4,7.47699625790119,9.6835685,1.7129305,2.0273947,2.1548024,2.732e-06,3.825e-06,-0.009733837,0.013704987,1.2842943,0.002699515,-9.9e+37,309.324,291.005,309.45,296.396,7.47699625790119,NaN,20.6250187568214,27.5459260395432,1924.45001721989,168.662084662034,25.685886,-9.9e+37,309.324,296.396,309.45,296.396,-1.10523829123934
20230601140218.3,8.33200067281723,9.6829319,1.8686974,2.0279545,2.1554499,-4.37e-07,1.09e-07,-0.017215525,0.038227949,1.2843053,0.006456918,-9.9e+37,309.362,290.983,309.805,264.919,8.33200067281723,NaN,20.6232519073113,28.2555458779311,1932.64104653923,184.238584988859,25.686106,-9.9e+37,309.362,264.919,309.805,264.919,-0.399652548360488
20230601140219.1,9.17600132524967,9.6822844,1.8197823,2.0283276,2.1559328,2.295e-06,4.59e-06,-0.015604712,0.040912938,1.2843163,0.008336,-9.9e+37,310.236,291.021,309.789,277.395,9.17600132524967,NaN,20.6214548054298,28.7284990070893,1938.74984662929,179.347134551464,25.686326,-9.9e+37,310.236,277.395,309.789,277.395,0.451984802652807
20230601140220,10.0309956818819,9.6817906,1.6554768,2.0282837,2.1563498,1.748e-06,-2.623e-06,-0.031355619,0.02086509,1.2842834,0.008156572,-9.9e+37,310.636,291.032,309.863,216.608,10.0309956818819,NaN,20.6200842897401,28.6728500058293,1944.02499601333,162.916784621863,25.685668,-9.9e+37,310.636,216.608,309.863,216.608,1.45220870404324
20230601140220.8,10.8909990638494,9.6814503,1.6225851,2.0282947,2.1571729,4.59e-06,-6.666e-06,-0.022853535,0.024534202,1.2842724,0.006992581,-9.9e+37,310.14,291.054,309.706,135.101,10.8909990638494,NaN,20.6191398051528,28.6867939469198,1954.43740718359,159.627654673204,25.685448,-9.9e+37,310.14,135.101,309.706,135.101,0.130789908099658
20230601140221.7,11.7460034787655,9.6815381,1.6596802,2.0283057,2.1587533,1.7375e-05,8.74e-07,-0.009742688,-0.000568773,1.2842834,0.002295091,-9.9e+37,311.46,291.081,309.346,193.137,11.7460034787655,NaN,20.6193834893925,28.7007378880103,1974.42984384194,163.337119503496,25.685668,-9.9e+37,311.46,193.137,309.346,193.137,3.03166909292702
20230601140222.6,12.6090042293072,9.6815272,1.9026429,2.0283166,2.1596313,1.5298e-05,6.56e-07,-0.001106295,-0.021190598,1.2842834,-0.001106405,-9.9e+37,311.414,291.092,309.01,210.372,12.6090042293072,NaN,20.619353237021,28.7145550659993,1985.53675309659,187.633093654334,25.685668,-9.9e+37,311.414,210.372,309.01,210.372,1.61887259586942
20230601140223.4,13.4610012173653,9.681582,2.1579302,2.0283496,2.1596862,9.179e-06,8.742e-06,0.014824394,-0.025091362,1.2843053,-0.001509518,-9.9e+37,311.961,291.125,309.695,342.141,13.4610012173653,NaN,20.6195053315123,28.7563868892694,1986.23125118096,213.161512797838,25.686106,-9.9e+37,311.961,342.141,309.695,342.141,0.950597570043301
20230601140224.3,14.3170014023781,9.6815491,1.719713,2.0283166,2.1602459,6.994e-06,6.119e-06,0.01218432,-0.028894543,1.2841407,-0.002583249,-9.9e+37,311.614,291.147,309.722,350.483,14.3170014023781,NaN,20.6194140193086,28.7145550659993,1993.31158957483,169.340326403166,25.682814,-9.9e+37,311.614,350.483,309.722,350.483,0.819410450045001
20230601140225.1,15.175998955965,9.681604,1.8594566,2.0279874,2.1603996,6.338e-06,1.0927e-05,0.009141354,-0.008176021,1.2841736,-0.002314216,-9.9e+37,311.319,291.117,309.978,378.803,15.175998955965,NaN,20.6195663913446,28.2972509381011,1995.25593120631,183.314516241133,25.683472,-9.9e+37,311.319,378.803,309.978,378.803,0.759792689478055
20230601140226,16.0240028053522,9.6821088,1.8057345,2.0274167,2.1603227,7.431e-06,3.28e-07,0.006436484,0.010316382,1.2841517,-0.000618602,-9.9e+37,311.215,291.13,310.141,328.068,16.0240028053522,NaN,20.6209674369504,27.5738139217233,1994.28312787866,177.942371657093,25.683034,-9.9e+37,311.215,328.068,310.141,328.068,0.129818209886142
20230601140226.8,16.8750040233135,9.6826246,1.7447138,2.0274057,2.1603447,7.212e-06,1.1146e-05,0.002563578,-0.004775731,1.2841297,-0.003567592,-9.9e+37,311.508,291.179,310.407,390.767,16.8750040233135,NaN,20.6223990124724,27.5598699806337,1994.56143312194,171.840375960363,25.682594,-9.9e+37,311.508,390.767,310.407,390.767,-0.521395528082065
20230601140227.7,17.7310042083263,9.6825039,1.7589592,2.0274386,2.1603337,1.311e-06,1.202e-06,-0.015469977,-0.029029388,1.2842943,-0.008074942,-9.9e+37,311.561,291.209,310.133,275.101,17.7310042083263,NaN,20.622064016029,27.6015750408028,1994.4222805003,173.264898614121,25.685886,-9.9e+37,311.561,275.101,310.133,275.101,-0.410268344482363
20230601140228.5,18.5859985649586,9.6821637,1.8447941,2.0274167,2.1597081,4.262e-06,-2.732e-06,0.000997019,0.011468682,1.2842943,0.000280726,-9.9e+37,312.294,291.234,310.41,307.415,18.5859985649586,NaN,20.6211198089864,27.5738139217233,1986.50829140041,181.848284095266,25.685886,-9.9e+37,312.294,307.415,310.41,307.415,0.137604271459909
20230601140229.4,19.4379955530167,9.6823173,1.7464039,2.0268021,2.1597191,5.682e-06,9.944e-06,0.007306635,0.001623489,1.2842724,0.002115007,-9.9e+37,310.897,291.264,310.612,420.526,19.4379955530167,NaN,20.6215461176335,26.7947279040859,1986.64744402205,172.009383902373,25.685448,-9.9e+37,310.897,420.526,310.612,420.526,-0.0528530112793034
20230601140230.3,20.3049995005131,9.6822405,1.7032945,2.0266814,2.1596313,3.715e-06,2.185e-06,-0.015962259,-0.008757799,1.2842614,-0.000793004,-9.9e+37,310.713,291.277,311.58,240.282,20.3049995005131,NaN,20.62133296331,26.6417248413973,1985.53675309659,167.698496395533,25.685228,-9.9e+37,310.713,240.282,311.58,240.282,0.0680983343765007
20230601140231.1,21.1639970541,9.6822405,1.6954365,2.0267582,2.159763,3.606e-06,-1.202e-06,-0.006655251,0.017374752,1.2842285,0.002652855,-9.9e+37,310.329,291.266,311.135,277.375,21.1639970541,NaN,20.62133296331,26.7390789028268,1987.20278948478,166.912705964009,25.68457,-9.9e+37,310.329,277.375,311.135,277.375,0.0414438399875776
20230601140232,22.0079977065325,9.6817137,1.5703114,2.0267582,2.1603886,-7.65e-07,3.497e-06,-0.007057708,0.011199867,1.2842614,0.006187992,-9.9e+37,310.631,291.294,310.959,314.011,22.0079977065325,NaN,20.6198708578718,26.7390789028268,1995.11677858467,154.400348325486,25.685228,-9.9e+37,310.631,314.011,310.959,314.011,0.614331357741694
20230601140232.8,22.8589989244938,9.6808357,1.6637409,2.0267802,2.1603447,1.5298e-05,2.185e-06,-0.00039,0.009988122,1.2842614,0.004308144,-9.9e+37,310.132,291.239,310.698,231.778,22.8589989244938,NaN,20.617434015475,26.7669667850068,1994.56143312194,163.743184558891,25.685228,-9.9e+37,310.132,231.778,310.698,231.778,2.21589993987403
20230601140233.7,23.7190023064613,9.6801333,1.6915624,2.0267253,2.1603666,7.103e-06,9.83e-07,-0.002806715,0.015342245,1.2842065,-3.2236e-05,-9.9e+37,310.791,291.236,310.916,234.219,23.7190023064613,NaN,20.6154845415575,26.6973738426564,1994.83847334139,166.525300681396,25.68413,-9.9e+37,310.791,234.219,310.916,234.219,3.30973085579218
20230601140234.5,24.5630029588938,9.679848,1.7414762,2.0267582,2.1611568,6.01e-06,-1.093e-06,-0.017573836,-0.042990257,1.2842504,-0.007325976,-9.9e+37,310.641,291.277,311.116,156.675,24.5630029588938,NaN,20.6146927065509,26.7390789028268,2004.83469167057,171.516619902701,25.685008,-9.9e+37,310.641,156.675,311.116,156.675,-1.01484782570931
20230601140235.4,25.4059977829456,9.6796724,2.0317189,2.027263,2.1613324,5.46e-07,3.606e-06,0.00310077,-0.02466705,1.2842395,-0.001867063,-9.9e+37,310.18,291.34,311.284,343.219,25.4059977829456,NaN,20.6142053380715,27.3789790357637,2007.0560735215,200.540536481952,25.68479,-9.9e+37,310.18,343.219,311.284,343.219,3.35730095058739
20230601140236.2,26.2499984353781,9.6797492,1.6335271,2.0270545,2.1618043,6.666e-06,6.994e-06,0.023595644,-0.004416984,1.2842175,0.003100224,-9.9e+37,310.372,291.362,310.908,411.665,26.2499984353781,NaN,20.6144184923951,27.114677970555,2013.02572098991,160.721841349424,25.68435,-9.9e+37,310.372,411.665,310.908,411.665,2.79060106747099
20230601140237.1,27.108995988965,9.6796285,1.776508,2.0267582,2.1621226,4.699e-06,3.278e-06,0.002518666,0.021088448,1.2841846,0.00336882,-9.9e+37,309.783,291.403,311.028,331.377,27.108995988965,NaN,20.6140834959517,26.7390789028268,2017.05229185067,175.019757245418,25.683692,-9.9e+37,309.783,331.377,311.028,331.377,3.1320993559779
20230601140237.9,27.9689993709326,9.6794529,1.792389,2.0273838,2.1627701,1.093e-06,2.295e-06,-0.003387399,0.034281497,1.2842175,0.004979635,-9.9e+37,310.351,291.427,310.834,307.436,27.9689993709326,NaN,20.6135961274723,27.5321088615538,2025.24332117001,176.607837907551,25.68435,-9.9e+37,310.351,307.436,310.834,307.436,3.35096948006875
20230601140238.8,28.8240037858486,9.6789261,1.7509036,2.0274167,2.162814,-1.748e-06,1.093e-06,-0.014037719,0.045302827,1.2842175,0.005426787,-9.9e+37,310.321,291.474,310.719,276.251,28.8240037858486,NaN,20.6121340220342,27.5738139217233,2025.79866663274,172.459348423209,25.68435,-9.9e+37,310.321,276.251,310.719,276.251,4.19181611413915
20230601140239.6,29.6680044382811,9.67897,1.8989663,2.0274167,2.1635054,5.027e-06,7.212e-06,-0.002090422,0.064852612,1.2839431,0.008424842,-9.9e+37,310.54,291.506,311.343,294.178,29.6680044382811,NaN,20.612255864154,27.5738139217233,2034.54504141481,187.265438131232,25.678862,-9.9e+37,310.54,294.178,311.343,294.178,4.08164105286538
20230601140240.5,30.5159982293844,9.67942,1.7028665,2.0274386,2.1634945,5.682e-06,2.19e-07,-0.003880445,0.061546071,1.2839651,0.00348782,-9.9e+37,310.967,291.463,311.668,242.628,30.5159982293844,NaN,20.6135048152686,27.6015750408028,2034.40715381701,167.655696916697,25.679302,-9.9e+37,310.967,242.628,311.668,242.628,3.7768096008763
20230601140241.3,31.362996250391,9.6797053,1.6995192,2.0274277,2.1642408,4.152e-06,6.119e-06,-0.019431499,0.014958692,1.283998,-0.001329871,-9.9e+37,311.153,291.457,311.948,262.577,31.362996250391,NaN,20.6142966502752,27.5877578628138,2043.84802668345,167.320970992615,25.67996,-9.9e+37,311.153,262.577,311.948,262.577,2.98978243789361
20230601140242.2,32.2150032967329,9.679837,1.8505559,2.0274386,2.1643176,3.278e-06,3.934e-06,0.004712241,0.029501828,1.2841736,0.000370549,-9.9e+37,310.401,291.384,311.655,300.086,32.2150032967329,NaN,20.6146621766347,27.6015750408028,2044.81956498727,182.424457079277,25.683472,-9.9e+37,310.401,300.086,311.655,300.086,2.71335931974791
20230601140243,33.067000284791,9.6800565,1.7139951,2.0274277,2.1643615,5.245e-06,5.354e-06,-0.000613138,0.009275762,1.2842285,-0.002404476,-9.9e+37,310.359,291.337,311.551,300.119,33.067000284791,NaN,20.615271387234,27.5877578628138,2045.37491045001,168.768543365699,25.68457,-9.9e+37,310.359,300.119,311.551,300.119,2.31743849096143
20230601140243.9,33.9139983057976,9.6805614,1.6583632,2.0283057,2.1643395,8.742e-06,1.967e-06,-0.007236153,-0.002672198,1.2842504,-0.008668631,-9.9e+37,311.358,291.356,311.3,203.853,33.9139983057976,NaN,20.6166727103845,28.7007378880103,2045.09660520672,163.205421107172,25.685008,-9.9e+37,311.358,203.853,311.3,203.853,2.99902813892737
20230601140244.7,34.7769990563393,9.6808028,1.8633197,2.0282837,2.1634396,1.0927e-05,-1.53e-06,0.002965598,-0.002438351,1.2842614,-0.006923519,-9.9e+37,311.868,291.395,310.74,315.051,34.7769990563393,NaN,20.6173427032713,28.6728500058293,2033.71265573263,183.70082153714,25.685228,-9.9e+37,311.868,315.051,310.74,315.051,1.47302908372836
20230601140245.6,35.6449987739325,9.6815711,1.7173314,2.0283166,2.1634396,-1.967e-06,2.185e-06,0.006500737,-0.010906024,1.2844699,-0.00379084,-9.9e+37,311.561,291.452,311.271,413.86,35.6449987739325,NaN,20.6194750791409,28.7145550659993,2033.71265573263,169.102169303176,25.689398,-9.9e+37,311.561,413.86,311.271,413.86,0.404997433146699
20230601140246.4,36.491996794939,9.6816479,1.7772653,2.0289422,2.1634615,3.934e-06,7.65e-07,0.028606759,-0.002493535,1.2845358,0.001175901,-9.9e+37,312.358,291.471,311.471,382.024,36.491996794939,NaN,20.6196882334644,29.5075850247267,2033.98969595208,175.095486323274,25.690716,-9.9e+37,312.358,382.024,311.471,382.024,0.303477440968575
20230601140247.3,37.3590007424355,9.6817576,1.7375362,2.0289532,2.1630006,2.076e-06,2.95e-06,-0.015783158,-0.022381142,1.2845029,-0.003209173,-9.9e+37,311.036,291.506,310.954,280.741,37.3590007424355,NaN,20.6199926999917,29.5215289658172,2028.15920110531,171.122624700334,25.690058,-9.9e+37,311.036,280.741,310.954,280.741,0.236555141696822
20230601140248.2,38.2070045918226,9.6817576,1.9304532,2.0289532,2.1628689,-1.09e-07,2.185e-06,0.014063625,0.018582783,1.2845029,0.002473754,-9.9e+37,311.841,291.515,311.292,424.969,38.2070045918226,NaN,20.6199926999917,29.5215289658172,2026.49316471711,190.414089790478,25.690058,-9.9e+37,311.841,424.969,311.292,424.969,0.242986683757688
20230601140249,39.07800167799,9.6821527,1.7342767,2.0290081,2.1627592,-1.093e-06,-6.775e-06,-0.021108424,0.015451083,1.2842504,0.001131208,-9.9e+37,312.169,291.52,311.346,187.66,39.07800167799,NaN,20.6210892790703,29.5911219081668,2025.1054335722,170.796678669339,25.685008,-9.9e+37,312.169,187.66,311.346,187.66,-1.31283750036859
20230601140249.9,39.9380050599575,9.6823173,1.7446809,2.0289751,2.1621007,6.56e-07,-5.136e-06,-0.016589275,0.016927601,1.2842395,0.000728532,-9.9e+37,312.51,291.526,311.604,203.879,39.9380050599575,NaN,20.6215461176335,29.5492900848963,2016.77525163122,171.837086000424,25.68479,-9.9e+37,312.51,203.879,311.604,203.879,-0.737120285115694
20230601140250.8,40.7970026135445,9.6817028,1.6145076,2.0283057,2.1621336,6.994e-06,9.83e-07,-0.001240703,0.003100443,1.2842614,0.000460154,-9.9e+37,312.729,291.526,311.828,241.46,40.7970026135445,NaN,20.6198406055004,28.7007378880103,2017.19144447232,158.819914508959,25.685228,-9.9e+37,312.729,241.46,311.828,241.46,0.476126464488727
20230601140251.6,41.6639965027571,9.6822954,1.844421,2.0289422,2.1612446,4.699e-06,4.371e-06,0.013169212,-0.001463841,1.2842943,1.2129e-05,-9.9e+37,311.934,291.55,311.548,333.491,41.6639965027571,NaN,20.6214853353459,29.5075850247267,2005.94538259603,181.81097454958,25.685886,-9.9e+37,311.934,333.491,311.548,333.491,-0.260240959473886
20230601140252.5,42.5310004502535,9.6822076,1.5895616,2.0289861,2.1613214,3.606e-06,8.086e-06,0.007933652,-0.01837897,1.2842724,-0.002046384,-9.9e+37,314.126,291.547,312.519,338.32,42.5310004502535,NaN,20.6212416511062,29.5632340259867,2006.91692089985,156.325344885034,25.685448,-9.9e+37,314.126,338.32,312.519,338.32,-0.143213023272402
20230601140253.3,43.3790042996407,9.6822405,1.8607297,2.0283825,2.1612227,6.229e-06,6.338e-06,0.012363093,-0.005222881,1.2842724,-0.002269741,-9.9e+37,313.187,291.558,312.257,384.202,43.3790042996407,NaN,20.62133296331,28.7980919494394,2005.66834237658,183.441824690914,25.685448,-9.9e+37,313.187,384.202,312.257,384.202,-0.170353893911179
20230601140254.2,44.2380018532276,9.6819332,1.6835068,2.0283057,2.1611458,2.732e-06,-4.917e-06,-0.006207333,-0.004327597,1.2842724,-0.005088802,-9.9e+37,312.747,291.523,313.214,235.42,44.2380018532276,NaN,20.6204800684711,28.7007378880103,2004.69553904892,165.719750490484,25.685448,-9.9e+37,312.747,235.42,313.214,235.42,0.288314867380458
20230601140255.1,45.1019983738661,9.6817247,1.8903181,2.0282837,2.1612885,5.027e-06,7.977e-06,0.016972404,0.004531064,1.2842614,-0.001777895,-9.9e+37,312.595,291.526,311.959,441.647,45.1019983738661,NaN,20.619901387788,28.6728500058293,2006.50072805876,186.400628661913,25.685228,-9.9e+37,312.595,441.647,311.959,441.647,0.486295945924602
20230601140255.9,45.960995927453,9.6815381,1.6695357,2.0282837,2.161508,2.076e-06,7.649e-06,0.005919723,-0.0072367,1.2842834,-0.002492551,-9.9e+37,312.787,291.545,313.273,402.825,45.960995927453,NaN,20.6193834893925,28.6728500058293,2009.27745537242,164.322657502718,25.685668,-9.9e+37,312.787,402.825,313.273,402.825,0.661240912982748
20230601140256.8,46.8239966779947,9.6817576,1.850523,2.0283386,2.1621446,9.83e-07,1.1692e-05,0.008201265,0.010438441,1.2843053,-0.000121622,-9.9e+37,312.198,291.501,312.969,413.862,46.8239966779947,NaN,20.6199926999917,28.7424429481798,2017.33059709395,182.421167119338,25.686106,-9.9e+37,312.198,413.862,312.969,413.862,0.337611268704111
20230601140257.6,47.6919963955879,9.6814723,1.707882,2.0282837,2.1621446,-7.65e-07,1.639e-06,-0.019562191,0.010930834,1.2842834,-0.000422127,-9.9e+37,312.99,291.422,313.43,280.741,47.6919963955879,NaN,20.6192008649851,28.6728500058293,2017.33059709395,168.157240809457,25.685668,-9.9e+37,312.99,280.741,313.43,280.741,0.739669341771573
20230601140258.5,48.5350012779236,9.6819003,1.7105709,2.0283276,2.1621116,-2.623e-06,2.95e-06,0.003726585,0.067925309,1.2842285,0.008961489,-9.9e+37,312.662,291.354,312.663,396.247,48.5350012779236,NaN,20.6203887562674,28.7284990070893,2016.91313922903,168.426127535256,25.68457,-9.9e+37,312.662,396.247,312.663,396.247,0.154005782130149
20230601140259.3,49.3950046598911,9.6807479,1.7506402,2.0289422,2.1627592,5.354e-06,9.07e-06,-0.001553446,0.060108673,1.2842504,0.00800173,-9.9e+37,312.993,291.343,312.679,305.443,49.3950046598911,NaN,20.6171903312353,29.5075850247267,2025.1054335722,172.433008743944,25.685008,-9.9e+37,312.993,305.443,312.679,305.443,1.58252992991574
20230601140300.2,50.2619985491037,9.6801992,1.7255516,2.0289642,2.1627153,-1.202e-05,3.278e-06,-0.038246776,0.018751393,1.2842395,-0.000122824,-9.9e+37,312.859,291.329,312.441,266.032,50.2619985491037,NaN,20.6156674435096,29.5354729069068,2024.55008810947,169.924179293659,25.68479,-9.9e+37,312.859,266.032,312.441,266.032,2.45659088401874
20230601140301.1,51.1290024966002,9.6794858,1.9533249,2.0289642,2.1633847,-4.37e-07,-1.1474e-05,-0.018692259,0.015763829,1.2845029,0.001041603,-9.9e+37,312.206,291.346,312.223,190.425,51.1290024966002,NaN,20.613687439676,29.5354729069068,2033.01815764826,192.701231940223,25.690058,-9.9e+37,312.206,190.425,312.223,190.425,12.2098317836638
20230601140302,51.9999995827675,9.6788712,1.8317559,2.0289861,2.1640542,5.027e-06,1.1692e-05,0.001712329,0.027755619,1.2844809,0.003054766,-9.9e+37,312.87,291.373,312.116,386.405,51.9999995827675,NaN,20.6119816499982,29.5632340259867,2041.48749221088,180.544479971533,25.689618,-9.9e+37,312.87,386.405,312.116,386.405,3.78262275029019
20230601140302.8,52.8709966689348,9.6780042,1.7970094,2.0289422,2.164592,-3.934e-06,-4.043e-06,-0.031131934,-0.010279662,1.284437,-0.003835861,-9.9e+37,311.908,291.389,311.74,221.886,52.8709966689348,NaN,20.6095753375175,29.5075850247267,2048.2907903853,177.069872281413,25.68874,-9.9e+37,311.908,221.886,311.74,221.886,6.88298283077186
20230601140303.7,53.7459969520569,9.6773567,1.6697771,2.0289532,2.1652505,1.65e-05,-1.093e-06,0.003726366,0.009947144,1.2842614,0.001399913,-9.9e+37,312.83,291.359,311.596,266.032,53.7459969520569,NaN,20.607778235636,29.5215289658172,2056.62097232629,164.346797208772,25.685228,-9.9e+37,312.83,266.032,311.596,266.032,5.99102759260645
20230601140304.6,54.6209972351789,9.6770933,1.9131129,2.0289861,2.1659309,4.152e-06,4.37e-07,0.007038585,0.00618832,1.2841846,0.000459499,-9.9e+37,312.539,291.277,311.362,318.325,54.6209972351789,NaN,20.6070471829169,29.5632340259867,2065.22819448672,188.680080905296,25.683692,-9.9e+37,312.539,318.325,311.362,318.325,6.17831565688791
20230601140305.4,55.4769974201918,9.6766653,1.7618895,2.0289532,2.1666662,5.354e-06,9.835e-06,0.004353166,-0.021466298,1.2842175,-0.003119895,-9.9e+37,312.022,291.152,310.807,314.297,55.4769974201918,NaN,20.6058592916346,29.5215289658172,2074.52991473152,173.557925045973,25.68435,-9.9e+37,312.022,314.297,310.807,314.297,6.41881198541418
20230601140306.3,56.3279986381531,9.6760178,1.6065947,2.0298312,2.167621,-1.3222e-05,4.043e-06,-0.000434256,-0.011462668,1.2841956,-0.003835533,-9.9e+37,312.302,291.084,310.26,324.874,56.3279986381531,NaN,20.6040621897531,30.6345089910128,2086.60836228999,158.028634144285,25.683912,-9.9e+37,312.302,324.874,310.26,324.874,6.73756458520743
20230601140307.1,57.1920052170753,9.6757214,1.7738411,2.029897,2.1682576,-1.858e-06,3.715e-06,-0.000434584,-0.002492442,1.2843931,-0.00034487,-9.9e+37,312.857,291.084,310.586,340.015,57.1920052170753,NaN,20.6032395472857,30.7179191113523,2094.66150401152,174.753070492831,25.687862,-9.9e+37,312.857,340.015,310.586,340.015,7.30933483782458
20230601140308,58.0549959093332,9.6752934,1.6077031,2.0298751,2.1683673,1.311e-06,-3.278e-06,0.009722913,0.042096056,1.2843602,0.002786935,-9.9e+37,313.31,291.106,310.37,321.617,58.0549959093332,NaN,20.6020516560034,30.6901579922728,2096.04923515643,158.139472794616,25.687204,-9.9e+37,313.31,321.617,310.37,321.617,7.55905622219903
20230601140308.9,58.9179966598749,9.675041,1.8427747,2.0298641,2.1684002,1.858e-06,-1.093e-06,-0.003969503,0.014073679,1.2844041,-0.001106295,-9.9e+37,312.31,291.114,309.901,273.963,58.9179966598749,NaN,20.6013511332005,30.6762140511828,2096.46542799753,181.646346554235,25.688082,-9.9e+37,312.31,273.963,309.901,273.963,9.01806875011827
20230601140309.7,59.792996942997,9.6756995,1.8025408,2.029897,2.1690368,1.421e-06,1.0053e-05,0.006457464,-0.007594572,1.2843712,-0.003388055,-9.9e+37,311.697,291.108,309.893,342.004,59.792996942997,NaN,20.6031787649981,30.7179191113523,2104.51856971906,177.623005545976,25.687424,-9.9e+37,311.697,342.004,309.893,342.004,7.30118034884036
20230601140310.6,60.6559976935387,9.6759629,1.6873919,2.0298531,2.1690697,1.53e-06,-3.825e-06,0.006680821,-0.018467591,1.2843053,-0.004506042,-9.9e+37,311.681,291.046,310.506,310.692,60.6559976935387,NaN,20.6039098177172,30.6622701100923,2104.93476256014,166.108255759702,25.686106,-9.9e+37,311.681,310.692,310.506,310.692,6.89562831898666
20230601140311.5,61.5160010755062,9.6766982,1.8428845,2.0298531,2.1690478,6.229e-06,1.09e-07,-0.000568445,-0.032697396,1.2842943,-0.014351118,-9.9e+37,311.662,291.005,310.322,266.001,61.5160010755062,NaN,20.6059506038384,30.6622701100923,2104.65772234069,181.657326420535,25.685886,-9.9e+37,311.662,266.001,310.322,266.001,6.72007546994251
20230601140312.3,62.3790018260479,9.6774335,1.8495353,2.029897,2.1690807,3.497e-06,-3.28e-07,0.011065787,-0.03632224,1.2843273,-0.010994974,-9.9e+37,311.844,290.931,311.111,322.695,62.3790018260479,NaN,20.6079913899595,30.7179191113523,2105.07391518178,182.322398322034,25.686546,-9.9e+37,311.844,322.695,311.111,322.695,5.19051006802228
20230601140313.2,63.2459957152605,9.6783005,1.7386008,2.0298421,2.1690368,4.808e-06,8.851e-06,0.030307944,-0.025850382,1.284426,-0.003522353,-9.9e+37,313.35,290.901,311.828,562.299,63.2459957152605,NaN,20.6103977024403,30.6483261690028,2104.51856971906,171.229083403999,25.68852,-9.9e+37,313.35,562.299,311.828,562.299,3.7106440860375
20230601140314.1,64.1059990972281,9.678981,1.8462099,2.0298421,2.1685429,-9.288e-06,4.371e-06,0.004353384,-0.016161466,1.284448,-0.001732656,-9.9e+37,313.662,290.928,311.62,364.75,64.1059990972281,NaN,20.6122863940702,30.6483261690028,2098.27061700736,181.989862371284,25.68896,-9.9e+37,313.662,364.75,311.62,364.75,3.11935209406748
20230601140314.9,64.9769961833954,9.6794748,1.6259983,2.0296556,2.1681039,-2.19e-07,-5.573e-06,-0.002314107,0.004577396,1.2844041,0.000817809,-9.9e+37,314.187,290.939,312.297,281.877,64.9769961833954,NaN,20.6136569097599,30.4119129859737,2092.71716238004,159.968970517042,25.688082,-9.9e+37,314.187,281.877,312.297,281.877,2.5666637940174
20230601140315.8,65.8440001308918,9.6803748,1.7707901,2.0289642,2.1676979,3.715e-06,-2.19e-07,0.014825596,0.033144605,1.2844809,0.003882956,-9.9e+37,314.046,290.988,312.649,371.2,65.8440001308918,NaN,20.616154811989,29.5354729069068,2087.58116561764,174.447974207952,25.689618,-9.9e+37,314.046,371.2,312.649,371.2,1.40550110215988
20230601140316.7,66.7029976844788,9.6809455,1.7988752,2.0283276,2.1668638,-6.447e-06,2.732e-06,-0.005133058,-0.010414069,1.2843931,-0.002045292,-9.9e+37,314.667,291.029,312.972,337.836,66.7029976844788,NaN,20.6177387595469,28.7284990070893,2077.02960182573,177.256450009479,25.687862,-9.9e+37,314.667,337.836,312.972,337.836,0.816635745980309
20230601140317.5,67.5589978694916,9.6816589,1.7121952,2.0289422,2.1659967,-2.623e-06,4.808e-06,-0.001150224,-0.004864244,1.2844041,-3.169e-05,-9.9e+37,313.998,291.087,312.929,305.235,67.5589978694916,NaN,20.6197187633806,29.5075850247267,2066.0605801689,168.588555557389,25.688082,-9.9e+37,313.998,305.235,312.929,305.235,-0.0116774556447857
20230601140318.4,68.4219986200333,9.6825807,1.6859103,2.0289971,2.1653492,-4.37e-07,2.95e-06,0.009813064,0.048777434,1.2845029,0.007665165,-9.9e+37,314.726,291.111,313.422,387.544,68.4219986200333,NaN,20.6222771703526,29.5771779670768,2057.86955084956,165.960097563807,25.690058,-9.9e+37,314.726,387.544,313.422,387.544,-1.06462190110424
20230601140319.2,69.2809961736202,9.6839087,1.8723411,2.0283605,2.1636481,-1.2894e-05,2.732e-06,-0.017885706,0.041539954,1.2843492,0.005248997,-9.9e+37,314.515,291.127,312.612,279.661,69.2809961736202,NaN,20.625962963864,28.7702040672589,2036.35023042465,184.602950552023,25.686984,-9.9e+37,314.515,279.661,312.612,279.661,-2.85737408836068
20230601140320.1,70.136996358633,9.6844904,2.0438571,2.0275703,2.1629677,-1.421e-06,4.262e-06,-0.018556869,0.046327935,1.2845029,0.004578052,-9.9e+37,315.048,291.204,313.769,237.905,70.136996358633,NaN,20.6275774413381,27.7685220445824,2027.74300826422,201.754341701591,25.690058,-9.9e+37,315.048,237.905,313.769,237.905,-4.31587488243501
20230601140320.9,70.9920007735491,9.6848416,1.914364,2.0274057,2.1623641,1.2676e-05,-9.83e-07,-0.003700907,0.039017023,1.2845029,0.00489003,-9.9e+37,314.187,291.168,312.628,203.908,70.9920007735491,NaN,20.6285521782968,27.5598699806337,2020.10732440761,188.805189381865,25.690058,-9.9e+37,314.187,203.908,312.628,203.908,-7.2360776111503
20230601140321.8,71.8559972941875,9.6847208,1.6185024,2.0274057,2.1621446,-1.049e-05,3.169e-06,-0.028490228,0.029887129,1.2841846,0.001131754,-9.9e+37,313.526,291.209,312.697,283.019,71.8559972941875,NaN,20.6282169043087,27.5598699806337,2017.33059709395,159.219389644598,25.683692,-9.9e+37,313.526,283.019,312.697,283.019,-3.49214388099013
20230601140322.7,72.7270044386387,9.6840404,1.6767023,2.0274277,2.1612117,1.1583e-05,0,-0.005491477,0.00421996,1.2842285,0.001220485,-9.9e+37,313.894,291.196,311.639,195.868,72.7270044386387,NaN,20.6263284902235,27.5877578628138,2005.52918975494,165.039308776142,25.68457,-9.9e+37,313.894,195.868,311.639,195.868,-6.18559969400067
20230601140323.5,73.5900051891804,9.682888,1.6259434,2.0273838,2.1603118,1.3659e-05,-8.74e-07,-0.006922645,0.001444934,1.2841736,-0.002090859,-9.9e+37,313.595,291.193,311.799,195.855,73.5900051891804,NaN,20.6231300651915,27.5321088615538,1994.14524028085,159.963480583892,25.683472,-9.9e+37,313.595,195.855,311.799,195.855,-2.1577263668437
20230601140325.1,75.1170035451651,9.6812528,1.7798225,2.0278557,2.1609483,-6.56e-07,-9.398e-06,-0.012875258,-0.032787438,1.2845248,-0.00732685,-9.9e+37,313.403,291.198,312.75,206.49,75.1170035451651,NaN,20.6185916543858,28.1303039343215,2002.19711697855,175.35120320944,25.690496,-9.9e+37,313.403,206.49,312.75,206.49,2.05820563977015
20230601140326.1,76.1839963495731,9.6791566,1.7555021,2.0282947,2.1625177,4.043e-06,-3.497e-06,0.020060066,-0.018557852,1.284459,-0.000255483,-9.9e+37,313.11,291.182,311.796,347.493,76.1839963495731,NaN,20.6127737625495,28.6867939469198,2022.05040101526,172.919192823739,25.68918,-9.9e+37,313.11,347.493,311.796,347.493,3.59497999385374
20230601140327,77.0430039614439,9.6780371,1.920082,2.0283386,2.1630994,1.4643e-05,-1.53e-06,0.001400351,-0.044849338,1.2844809,-0.005580317,-9.9e+37,313.641,291.206,311.457,256.784,77.0430039614439,NaN,20.6096666497212,28.7424429481798,2029.40904465242,189.37698241921,25.689618,-9.9e+37,313.641,256.784,311.457,256.784,5.90127171854541
