20230531181010.1,0,9.746129,1.6516869,2.0056554,2.0379398,1.2682e-05,2.245e-06,0.000362166,0.000230071,1.4276672,3.6653188,272.996,292.28,291.119,292.332,292.76,0,NaN,20.7986521039377,-0.0114847369341078,446.110275236515,162.537799236723,28.553344,272.996,292.28,292.76,292.332,292.76,0.000186016047526892
20230531181011.2,1.10500305891037,9.7458811,1.7520547,2.0086518,2.0412854,-8.193e-06,-7.86e-07,0.10955715,0.1074259,1.4272166,3.6545949,273.007,292.285,291.169,292.34,292.917,1.10500305891037,NaN,20.797964070646,3.78684481602431,488.432912596796,172.574457021546,28.544332,273.007,292.285,292.917,292.34,292.917,-0.156601732094278
20230531181012.2,2.1210003644228,9.7462416,1.7317784,2.0067594,2.0386495,1.1784e-05,7.183e-06,-0.00363596,-0.10560625,1.4273405,3.6639783,273.056,292.29,291.218,292.366,292.783,2.1210003644228,NaN,20.7989646192611,1.3879798961143,455.088149380044,170.546851711452,28.54681,273.056,292.29,292.783,292.366,292.783,-0.263785585072025
20230531181013.1,3.05100940167904,9.7461853,1.590644,2.0085392,2.0366894,-5.163e-06,1.347e-06,0.15414554,0.025075558,1.4235556,3.6481628,273.07,292.29,291.269,292.352,293.007,3.05100940167904,NaN,20.7988083615994,3.64410956450138,430.2924172274,156.433583567025,28.471112,273.07,292.29,293.007,292.352,293.007,0.0219268712917496
20230531181014.1,4.04700078070164,9.7461064,1.5869492,2.005678,2.0384242,-9.091e-06,-2.132e-06,0.45316535,0.00275874,1.4236007,3.6711315,273.075,292.301,291.322,292.343,292.707,4.04700078070164,NaN,20.7985893788373,0.0171637238508993,452.238050684064,156.064108066084,28.472014,273.075,292.301,292.707,292.343,292.707,-0.03016152529763
20230531181015.1,5.00400625169277,9.7461853,1.7038534,2.0029407,2.0351462,1.661e-05,9.091e-06,-0.61305296,-0.37588607,1.4238147,3.6461352,273.129,292.293,291.401,292.357,293.027,5.00400625169277,NaN,20.7988083615994,-3.45272263488414,410.770569434957,167.754385714975,28.476294,273.129,292.293,293.027,292.357,293.027,0.333679792765934
20230531181016,5.87100014090538,9.7463543,1.8095382,2.0018255,2.0341324,-1.235e-06,-5.05e-06,0.46618647,0.32796007,1.4229699,3.6704444,273.109,292.301,291.462,292.354,292.716,5.87100014090538,NaN,20.7992774121291,-4.86638473522498,397.945757814963,178.32273702543,28.459398,273.109,292.301,292.716,292.354,292.716,0.268455427819518
20230531181016.8,6.72600455582142,9.7462416,1.7039548,1.9999893,2.0334903,3.03e-06,-6.73e-07,0.235492,0.2169399,1.4228572,3.6713906,273.113,292.305,291.557,292.365,292.659,6.72600455582142,NaN,20.7989646192611,-7.19400879247405,389.823039782612,167.764525591503,28.457144,273.113,292.305,292.659,292.365,292.659,0.529201823701182
20230531181017.7,7.56600201129913,9.7466359,1.8862952,2.0019719,2.0334678,2.0314e-05,6.509e-06,-0.43677285,-0.39688982,1.4227784,3.672044,273.181,292.319,291.641,292.368,292.769,7.56600201129913,NaN,20.8000589779821,-4.68080355562461,389.538409420162,185.99834356049,28.455568,273.181,292.319,292.769,292.368,292.769,-0.0345825946198397
20230531181018.6,8.55400711297989,9.7468274,1.7165824,2.0042586,2.033479,8.417e-06,2.24e-07,0.17153475,-0.000654525,1.4228234,3.6530742,273.17,292.285,291.714,292.382,292.937,8.55400711297989,NaN,20.8005904760675,-1.78211172918282,389.680092089471,169.027270215214,28.456468,273.17,292.285,292.937,292.382,292.937,-0.337388920999456
20230531181019.5,9.40600410103798,9.7468499,1.6401857,2.003977,2.0349998,1.4814e-05,8.081e-06,-0.52135008,-0.10455388,1.4229023,3.6384302,273.218,292.313,291.787,292.382,293.029,9.40600410103798,NaN,20.8006529236233,-2.13907662109068,408.918574543295,161.387693241426,28.458046,273.218,292.313,293.029,292.382,293.029,-0.540908532176188
20230531181020.3,10.2540079504251,9.7466697,1.7319473,2.00721,2.0378835,-8.081e-06,1.12e-07,0.35727611,0.10131732,1.4229473,3.657028,273.207,292.291,291.829,292.365,292.875,10.2540079504251,NaN,20.8001527880881,1.95917442840755,445.398066818478,170.563741505787,28.458946,273.207,292.291,292.875,292.365,292.875,-0.749102453759529
20230531181021.3,11.2420029938221,9.734763,1.7762736,2.0084603,2.0401139,-1.459e-06,2.132e-06,-0.000565639,0.034477525,1.4230375,3.6670986,273.266,292.288,291.876,292.373,292.844,11.2420029938221,NaN,20.7671063742309,3.5440934779549,473.613158392,174.996317530841,28.46075,273.266,292.288,292.844,292.373,292.844,15.0626210612304
20230531181022.3,12.1830057352781,9.7466809,1.9047693,2.0062863,2.0396858,0.000244324,-3.37e-07,-0.00102455,0.08861074,1.4230149,3.6612861,273.257,292.271,291.899,292.334,292.906,12.1830057352781,NaN,20.8001838730936,0.788263666137027,468.197591362485,187.845731065074,28.460298,273.257,292.271,292.906,292.334,292.906,-1.02158890111475
20230531181023.2,13.1290074437857,9.7458586,1.7695486,2.0021747,2.0409475,2.2334e-05,7.407e-06,-0.71395189,-0.00389238,1.4230037,3.6595964,273.303,292.297,291.932,292.354,292.841,13.1290074437857,NaN,20.7979016230902,-4.42372798716269,484.158397064741,174.323825719693,28.460074,273.303,292.297,292.841,292.354,292.841,0.054119486070538
20230531181024.1,13.9880049973726,9.7442027,1.7110966,2.0005075,2.0424457,-6.622e-06,-3.704e-06,0.59435972,0.42704441,1.4230037,3.6670085,273.308,292.285,291.955,292.359,292.676,13.9880049973726,NaN,20.7933057605334,-6.53712240402729,503.110984132283,168.478696895125,28.460074,273.308,292.285,292.676,292.359,292.676,2.10231711578739
20230531181024.9,14.8360088467598,9.7311921,1.7640064,1.9983109,2.0423893,1.9416e-05,6.958e-06,-0.62475591,-0.47985322,1.4231163,3.6584361,273.367,292.285,292.013,292.368,293.012,14.8360088467598,NaN,20.7571955308198,-9.32160067663062,502.397510690414,173.769612468281,28.462326,273.367,292.285,293.012,292.368,293.012,19.7478759366009
20230531181025.8,15.6870000064373,9.7357655,1.7960094,1.9986151,2.038458,8.642e-06,-3.37e-07,-0.11757778,-0.23215273,1.4233979,3.6557101,273.373,292.308,292.03,292.348,293.001,15.6870000064373,NaN,20.7698887597694,-8.9359873239373,452.665628739651,176.969873499087,28.467958,273.373,292.308,293.001,292.348,293.001,14.2027013460272
20230531181026.9,16.7970020323992,9.7328705,1.7547807,1.9974999,2.0406208,7.86e-07,1.683e-06,-0.000300552,-0.000698631,1.4233529,3.6403226,273.382,292.283,292.081,292.357,293.049,16.7970020323992,NaN,20.7618538409325,-10.3496494242777,480.025564201995,172.847053702169,28.467058,273.382,292.283,293.049,292.357,293.049,17.6787935638054
20230531181027.9,17.8160067647696,9.746129,1.7533276,2.0006652,2.0367007,-1.1223e-05,-5.948e-06,0.00192763,0.00154413,1.4235106,3.6552595,273.393,292.297,292.092,292.357,292.881,17.8160067647696,NaN,20.7986521039377,-6.33721699403486,430.435364920537,172.701745471569,28.470212,273.393,292.297,292.881,292.357,292.881,0.264074402608135
20230531181028.9,18.8040018081665,9.7326565,1.6833068,2.004529,2.0348984,5.5217e-05,6.846e-06,-0.28355547,0.001864924,1.4236119,3.6710189,273.469,292.305,292.1,292.351,292.774,18.8040018081665,NaN,20.7612598952913,-1.43934430456648,407.63584037653,165.699750734019,28.472238,273.469,292.305,292.774,292.351,292.774,18.165210695464
20230531181029.8,19.6720015257597,9.7453404,1.7315981,2.0064327,2.0352814,-3.367e-06,1.347e-06,0.37346307,0.089437315,1.4236007,3.6622436,273.458,292.283,292.117,292.334,292.659,19.6720015257597,NaN,20.7964633864956,0.973844845736494,412.480881657313,170.528821930999,28.472014,273.458,292.283,292.659,292.334,292.659,1.37690451275869
20230531181030.6,20.5270059406757,9.7046076,1.7713735,2.0084603,2.0343689,9.876e-06,8.978e-06,-0.46101892,-0.064950741,1.4236795,3.653322,273.518,292.281,292.128,292.371,292.948,20.5270059406757,NaN,20.6834116621421,3.5440934779549,400.937539180253,174.506313497561,28.47359,273.518,292.281,292.948,292.371,292.948,56.4786579532036
20230531181031.5,21.3830061256886,9.7445632,1.831966,2.0087983,2.0341324,1.3243e-05,4.153e-06,-0.45608062,-0.078126817,1.4237922,3.6497511,273.547,292.287,292.117,292.345,293.026,21.3830061256886,NaN,20.7943063091485,3.97255275872521,397.945757814963,180.565489715699,28.475844,273.547,292.287,293.026,292.345,293.026,2.58481502318681
20230531181032.4,22.3160024732351,9.7403727,1.9233897,2.0074578,2.0362501,-1.0774e-05,-3.591e-06,0.67238406,0.00245621,1.4210436,3.6685067,273.544,292.278,292.109,292.339,292.734,22.3160024732351,NaN,20.782675798825,2.27329339223843,424.735167528579,189.707748391513,28.420872,273.544,292.278,292.734,292.339,292.734,8.31189976756262
20230531181033.3,23.1790032237768,9.744259,1.6536469,2.0049683,2.0387396,1.7059e-05,7.744e-06,-0.62365152,-0.41399105,1.4209197,3.6476897,273.597,292.281,292.111,292.341,293.008,23.1790032237768,NaN,20.793462018195,-0.882474002666186,456.227935853669,162.733796850084,28.418394,273.597,292.281,293.008,292.341,293.008,2.35968391122794
20230531181034.1,24.0350034087896,9.7451264,1.7532262,2.0093615,2.0378835,6.06e-06,1.683e-06,-0.1807612,-0.18781381,1.4210098,3.64698,273.603,292.27,292.114,292.327,293.031,24.0350034087896,NaN,20.7958694408545,4.68648254254094,445.398066818478,172.691605595041,28.420196,273.603,292.27,293.031,292.327,293.031,1.27910728566205
20230531181035.2,25.1560091972351,9.7358669,1.8518819,2.0107583,2.0361375,4.826e-06,-1.459e-06,8.204e-05,0.000273953,1.4210436,3.6414378,273.641,292.27,292.117,292.325,293.05,25.1560091972351,NaN,20.7701701900873,6.45710953478965,423.310750692508,182.557055464642,28.420872,273.641,292.27,293.05,292.325,293.05,14.3268511116892
20230531181036.1,26.0150067508221,9.7452954,1.8844591,2.0117496,2.0342788,3.37e-07,1.459e-06,0.007212123,0.008808596,1.4210661,3.6388132,273.635,292.256,292.123,292.325,293.05,26.0150067508221,NaN,20.7963384913842,7.71371215321415,399.797752706629,185.81473579626,28.421322,273.635,292.256,293.05,292.325,293.05,1.51577430849604
20230531181037,26.8710069358349,9.7458924,1.595071,2.0117383,2.0352138,5.61e-07,1.122e-06,0.005223295,0.029262977,1.4211563,3.6410548,273.689,292.267,292.123,292.327,293.053,26.8710069358349,NaN,20.7979954331962,7.6993879228221,411.625725546139,156.876278176386,28.423126,273.689,292.267,293.053,292.327,293.053,0.512975455309882
20230531181037.9,27.8010059148073,9.7401024,1.7173597,2.009722,2.0382102,-1.2906e-05,-2.806e-06,-0.00226165,0.11729081,1.4357214,3.6687545,273.689,292.287,292.092,292.293,292.709,27.8010059148073,NaN,20.7819255955222,5.14346352099619,449.530899681224,169.104999268716,28.714428,273.689,292.287,292.709,292.293,292.709,7.90558283425659
20230531181038.7,28.6480039358139,9.7453517,1.7441695,2.0078295,2.0400576,1.6161e-05,3.816e-06,-0.45138638,-0.077811114,1.4354285,3.6526123,273.754,292.273,292.109,292.326,293.014,28.6480039358139,NaN,20.7964947490459,2.7444718379852,472.900949973959,171.785946623142,28.70857,273.754,292.273,293.014,292.326,293.014,0.727916307015027
20230531181039.6,29.5040041208267,9.7345264,1.7092266,2.0075704,2.0384242,6.846e-06,7.86e-07,-0.10051137,-0.042302918,1.4353497,3.6455607,273.771,292.259,292.117,292.293,293.051,29.5040041208267,NaN,20.7664497034893,2.41602864376136,452.238050684064,168.291699172174,28.706994,273.771,292.259,293.051,292.293,293.051,15.3008017632207
20230531181040.6,30.4960023611784,9.7356416,1.9362539,2.0044839,2.0394493,4.04e-06,-8.98e-07,-0.000388764,-0.0186396,1.4381658,3.6597879,273.78,292.265,292.125,292.293,292.785,30.4960023611784,NaN,20.7695448818959,-1.49651446303596,465.205809997195,190.994152727121,28.763316,273.78,292.265,292.785,292.293,292.785,14.6576342684932
20230531181041.5,31.3630063086748,9.7460952,1.7401705,2.0063651,2.0368471,-7.07e-06,8.98e-07,0.069653041,0.10075393,1.4382334,3.6397707,273.792,292.251,292.125,292.284,293,31.3630063086748,NaN,20.7985582938318,0.888152989582522,432.287359812202,171.386051492617,28.764668,273.792,292.251,293,292.284,293,0.169429799411144
20230531181042.5,32.3790036141872,9.7458924,1.8949691,2.0032561,2.0338282,-8.866e-06,-2.24e-07,-0.00043299,0.00367307,1.4382447,3.6521054,273.817,292.248,292.142,292.269,292.901,32.3790036141872,NaN,20.7979954331962,-3.05291181489883,394.097555314664,186.865722998515,28.764894,273.817,292.248,292.901,292.269,292.901,0.929822182408537
20230531181043.3,33.2340080291033,9.745577,1.9121364,2.0010032,2.0326792,2.3344e-05,8.642e-06,-0.62191507,-0.41066324,1.4383123,3.6615114,273.908,292.271,292.128,292.264,292.898,33.2340080291033,NaN,20.7971200572372,-5.90875771326409,379.562431472317,188.582432094354,28.766246,273.908,292.271,292.898,292.264,292.898,1.58039414353691
20230531181044.3,34.2150025069714,9.7352924,1.7099025,2.0052161,2.0361149,1.2009e-05,1.459e-06,0.000848009,-0.11179713,1.4383348,3.6605426,273.891,292.248,292.128,292.272,292.744,34.2150025069714,NaN,20.768575695831,-0.568355038834397,423.024855306223,168.359288349149,28.766696,273.891,292.248,292.744,292.272,292.744,14.6298452748333
20230531181045.2,35.0700069218874,9.7411275,1.76003,2.0060497,2.0387171,9.203e-06,1.01e-06,-0.090626018,-0.19428835,1.4384024,3.6492442,273.951,292.271,292.123,292.303,293.027,35.0700069218874,NaN,20.7847707061611,0.488342169597672,455.943305491219,173.371977310237,28.768048,273.951,292.271,293.027,292.303,293.027,6.63226619571547
20230531181046.1,36.0540088266134,9.7349432,1.785139,2.0061511,2.0405081,7.632e-06,-2.24e-07,0.017198915,-0.000786844,1.4384024,3.6558565,273.965,292.26,292.114,292.286,292.809,36.0540088266134,NaN,20.7676065097661,0.616879953828175,478.599882342085,175.882846735681,28.768048,273.965,292.26,292.809,292.286,292.809,14.841100735817
20230531181047,36.9100090116262,9.7462303,1.6957542,2.0059934,2.0417247,2.469e-06,2.357e-06,-0.004234215,0.002571076,1.4384925,3.6404803,274.005,292.271,292.117,292.3,293.047,36.9100090116262,NaN,20.7989332567109,0.41697454383575,493.990162295617,166.944475577154,28.76985,274.005,292.271,293.047,292.3,293.047,-0.615635814913142
20230531181047.9,37.7580028027296,9.7462303,1.7082128,2.0044051,2.0399337,1.683e-06,5.61e-07,0.000399426,0.021484757,1.4385713,3.645234,274.03,292.274,292.086,292.294,293.03,37.7580028027296,NaN,20.7989332567109,-1.59640378648191,471.33358544475,168.190320406651,28.771426,274.03,292.274,293.03,292.294,293.03,-0.359267847462462
20230531181048.7,38.6010076850653,9.7333662,1.6291352,2.0039094,2.0376019,1.796e-06,1.796e-06,0.000118066,0.022633209,1.438515,3.6458873,274.036,292.276,292.044,292.308,293.044,38.6010076850653,NaN,20.7632296299713,-2.22476847724465,441.835759704456,160.282656697323,28.7703,274.036,292.276,293.044,292.308,293.044,16.6060482854925
20230531181049.6,39.461001008749,9.733783,1.8933245,2.0032786,2.0356531,4.601e-06,-2.02e-06,-0.00243629,0.014281607,1.4375688,3.6494695,274.073,292.296,292.002,292.297,293.044,39.461001008749,NaN,20.7643864362481,-3.02439011721481,417.182975244959,186.7012650011,28.751376,274.073,292.296,293.044,292.297,293.044,17.6125352003259
20230531181050.4,40.3120022267103,9.7296488,1.7421531,2.0023436,2.0339071,4.153e-06,-2.357e-06,0.002436625,0.00906695,1.4283994,3.6503143,274.101,292.276,291.999,292.334,293.033,40.3120022267103,NaN,20.7529121835863,-4.20962510987783,395.095659118982,171.584309078458,28.567988,274.101,292.276,293.033,292.334,293.033,22.6740714371736
20230531181051.2,41.1560028791428,9.7312371,1.6214302,2.0040784,2.0326454,-2.918e-06,1.459e-06,0.03270878,0.058133175,1.4283543,3.6342848,274.112,292.265,292.008,292.336,293.013,41.1560028791428,NaN,20.7573204259313,-2.01053883685927,379.134853416726,159.512166079495,28.567086,274.112,292.265,293.013,292.336,293.013,19.9305309900725
20230531181052.1,42.0150004327297,9.7456896,1.6708593,2.003166,2.0331411,4.489e-06,2.245e-06,-0.030627432,0.008580882,1.4282755,3.6395904,274.163,292.282,291.988,292.314,293.055,42.0150004327297,NaN,20.7974325725605,-3.16712536873774,385.405576557416,164.455015891006,28.56551,274.163,292.282,293.055,292.314,293.055,1.22642341880667
20230531181053,42.8670074790716,9.745408,1.8489193,2.0046304,2.0362839,2.469e-06,1.908e-06,-0.012948869,0.021042347,1.4282755,3.6386667,274.186,292.276,291.971,292.322,293.033,42.8670074790716,NaN,20.7966510067075,-1.31080652033552,425.162745584166,182.260799072121,28.56551,274.186,292.276,293.033,292.322,293.033,1.2366181403109
20230531181054,43.8940085470676,9.744811,1.8424646,2.0059821,2.0385932,-1.3131e-05,-2.918e-06,-0.00082549,0.00418253,1.4283543,3.6497736,274.18,292.279,291.96,292.314,292.896,43.8940085470676,NaN,20.7949940648955,0.402650313443701,454.375940962007,181.615336931836,28.567086,274.18,292.279,292.896,292.314,292.896,1.72715885336302
20230531181054.9,44.7610024362803,9.7455319,1.8914658,2.0000569,2.037523,2.2783e-05,9.203e-06,-0.66895413,-0.41083981,1.4283543,3.6605764,274.267,292.268,291.969,292.317,292.896,44.7610024362803,NaN,20.7969948845811,-7.10831693632008,440.837655900144,186.515397264389,28.567086,274.267,292.268,292.896,292.317,292.896,1.01401233796275
20230531181055.7,45.6050030887127,9.7338618,1.9759278,2.0046754,2.0387734,4.153e-06,4.826e-06,-0.14945908,-0.14252344,1.4283431,3.636594,274.282,292.29,291.98,292.325,292.999,45.6050030887127,NaN,20.7646051414655,-1.25376312496655,456.65551390926,194.961494417278,28.566862,274.282,292.29,292.999,292.325,292.999,17.4436989754125
20230531181056.6,46.4680038392544,9.7460388,1.6531175,2.0050246,2.0395056,-4.489e-06,1.683e-06,0.18071633,0.20425283,1.4283656,3.6451213,274.286,292.29,291.979,292.325,293.004,46.4680038392544,NaN,20.7984017586254,-0.811106376904263,465.918018415236,162.68085749472,28.567312,274.286,292.29,293.004,292.325,293.004,-0.0630347907590231
20230531181057.4,47.3360035568476,9.7454306,1.7961896,2.0060835,2.0387058,1.1784e-05,2.132e-06,-0.24433931,-0.11366516,1.4283543,3.6554848,274.362,292.298,291.971,292.299,292.971,47.3360035568476,NaN,20.7967137318079,0.531188097674203,455.800357798078,176.987893279662,28.567086,274.362,292.298,292.971,292.299,292.971,0.843781828943363
20230531181058.3,48.1950011104345,9.7329719,2.0680501,2.0060046,2.0376582,1.122e-06,-4.601e-06,0.46232446,0.35955913,1.4498472,3.6680899,274.339,292.282,291.993,292.299,292.674,48.1950011104345,NaN,20.7621352712503,0.431172011127728,442.547968122497,204.173612242424,28.996944,274.339,292.282,292.674,292.299,292.674,19.2577328977847
20230531181059.2,49.0620050579309,9.7448786,1.8924571,2.0036503,2.0356418,1.0886e-05,7.295e-06,-0.44671015,-0.29960071,1.4497346,3.6383175,274.401,292.281,292.024,292.331,292.999,49.0620050579309,NaN,20.7951816851074,-2.55321167146849,417.040027551815,186.61452605731,28.994692,274.401,292.281,292.999,292.331,292.999,2.09596407822971
20230531181100,49.914002045989,9.7455432,1.7575518,2.0061398,2.0359234,5.611e-06,3.03e-06,-0.14739762,-0.12402871,1.4496445,3.6401311,274.418,292.278,292.032,292.317,293.047,49.914002045989,NaN,20.7970262471313,0.602555723436126,420.602334665833,173.124160327874,28.99289,274.418,292.278,293.047,292.317,293.047,1.03571861304849
20230531181101.1,51.0350078344345,9.7454306,1.8402906,2.0076042,2.0376582,6.622e-06,1.12e-07,0.00026273,0.000493475,1.4497909,3.6443554,274.457,292.293,292.112,292.333,293.047,51.0350078344345,NaN,20.7967137318079,2.4588745718379,442.547968122497,181.397939579057,28.995818,274.457,292.293,293.047,292.333,293.047,0.956938289896811
20230531181102,51.8900021910667,9.7356979,1.6478119,2.0056667,2.0370612,2.24e-07,2.132e-06,0.00111231,0.010506862,1.4497346,3.6328429,274.489,292.276,292.163,292.33,293.064,51.8900021910667,NaN,20.7697011395576,0.00283949345839574,434.995775838874,162.150303955207,28.994692,274.489,292.276,293.064,292.33,293.064,13.6877408877047
20230531181102.8,52.7460023760796,9.7452165,1.861468,2.0040897,2.0394831,2.581e-06,-5.61e-07,-0.006670053,0.014634345,1.449881,3.6482867,274.515,292.307,292.174,292.336,293.072,52.7460023760796,NaN,20.7961195086221,-1.99621460646676,465.633388052785,183.515653791905,28.99762,274.515,292.307,293.072,292.336,293.072,1.09585141541527
20230531181103.7,53.5860098898411,9.729018,1.7008345,2.0037743,2.0376357,1.12e-07,1.571e-06,0.00089133,0.029978333,1.449881,3.632674,274.527,292.295,292.246,292.364,293.092,53.5860098898411,NaN,20.7511614316684,-2.39602542645207,442.26333776005,167.452499391009,28.99762,274.527,292.295,293.092,292.364,293.092,22.7047546989802
20230531181104.5,54.4370010495186,9.7453742,1.6938504,2.0014312,2.0399224,6.173e-06,-1.347e-06,-0.008344299,0.009950648,1.4403512,3.6536036,274.566,292.298,292.277,292.386,293.011,54.4370010495186,NaN,20.7965571966016,-5.36621164175631,471.190637751606,166.75409789536,28.807024,274.566,292.298,293.011,292.386,293.011,0.837047413560823
20230531181105.6,55.4650079458952,9.7295587,1.7008796,2.004315,2.0410488,-8.642e-06,-6.285e-06,0.00051846,0.00175219,1.4401935,3.6622098,274.569,292.289,292.279,292.379,292.779,55.4650079458952,NaN,20.7526621158187,-1.71061734032037,485.439866207675,167.457009336092,28.80387,274.569,292.289,292.779,292.379,292.779,21.574388218839
20230531181106.4,56.3200023025274,9.7076829,1.8070712,2.0044501,2.0424119,1.7171e-05,8.529e-06,-0.65319121,-0.34250455,1.4401371,3.6490189,274.65,292.311,292.29,292.379,293.065,56.3200023025274,NaN,20.691946994059,-1.53936039111295,502.683406076692,178.076040029429,28.802742,274.65,292.311,293.065,292.379,293.065,51.8547147991622
20230531181107.3,57.1830030530691,9.7439211,1.7760821,2.005892,2.0433243,-2.694e-06,-5.836e-06,0.5202019,0.4091075,1.4396415,3.6700839,274.636,292.303,292.282,292.367,292.707,57.1830030530691,NaN,20.7925241946803,0.288436759604792,514.225483529925,174.977167764025,28.79283,274.636,292.303,292.707,292.367,292.707,2.29404205868327
20230531181108.1,58.0230005085468,9.7446871,1.6522952,2.0057906,2.043865,1.6722e-05,4.265e-06,-0.28960716,-0.2171073,1.4331756,3.6704669,274.685,292.312,292.306,292.367,292.81,58.0230005085468,NaN,20.794650187022,0.159898975373835,521.065467395507,162.598628496012,28.663512,274.685,292.312,292.81,292.367,292.81,1.14673044238434
20230531181109,58.8790006935596,9.7454756,1.5772504,2.0046867,2.0444057,1.908e-06,-1.908e-06,0.34561468,0.17660688,1.4330292,3.6740941,274.674,292.326,292.32,292.373,292.686,58.8790006935596,NaN,20.7968386269194,-1.2394388945736,527.905451261096,155.094239876052,28.660584,274.674,292.326,292.686,292.373,292.686,0.0708574693031855
20230531181110.1,59.9960032850504,9.7452503,1.7124145,2.0027379,2.0433356,3.142e-06,4.153e-06,-0.000213573,-0.000257455,1.4336262,3.66622,274.702,292.329,292.309,292.384,292.678,59.9960032850504,NaN,20.796213318728,-3.70979820334651,514.368431223062,168.610485290354,28.672524,274.702,292.329,292.678,292.384,292.678,0.549323119590451
20230531181110.9,60.8510076999664,9.7086516,1.9156734,2.0015439,2.040418,7.744e-06,7.295e-06,-0.087142644,-0.045420546,1.4326574,3.6556312,274.747,292.324,292.326,292.373,292.913,60.8510076999664,NaN,20.6946355694916,-5.22334962713239,477.46009586846,188.936127787444,28.653148,274.747,292.324,292.913,292.373,292.913,52.4169086888022
20230531181112,61.8790045380592,9.7334563,1.7875497,2.002231,2.0413868,1.56e-05,8.754e-06,-0.00327495,-0.00329182,1.4324885,3.6607116,274.779,292.326,292.32,292.367,292.983,61.8790045380592,NaN,20.7634796977389,-4.35236036140077,489.715646763561,176.123913800236,28.64977,274.779,292.326,292.983,292.367,292.983,16.8416406623724
20230531181112.8,62.7500016242266,9.7347404,1.7339187,2.0043938,2.0396858,-1.0325e-05,-5.61e-07,0.4199963,0.25669601,1.4324659,3.6568365,274.742,292.301,292.326,292.345,292.891,62.7500016242266,NaN,20.7670436491305,-1.61072801687442,468.197591362485,170.760879105266,28.649318,274.742,292.301,292.891,292.345,292.891,15.038954192012
20230531181113.7,63.617005571723,9.7329381,1.6552015,2.0027492,2.0385368,1.459e-05,2.806e-06,-0.47076954,-0.33779456,1.4325223,3.655834,274.821,292.338,292.318,292.356,293.073,63.617005571723,NaN,20.7620414611443,-3.69547397295401,453.662467520138,162.889254957089,28.650446,274.821,292.338,293.073,292.356,293.073,17.2122773426018
20230531181114.7,64.6050006151199,9.7334563,2.0254812,2.000485,2.0376357,7.968e-06,2.24e-07,0.000545774,-0.13172351,1.4325786,3.6588529,274.79,292.324,292.337,292.345,292.821,64.6050006151199,NaN,20.7634796977389,-6.56564410171177,442.26333776005,199.916774077432,28.651572,274.79,292.324,292.821,292.345,292.821,18.5002055190493
20230531181115.7,65.5970089137554,9.7452616,1.8638787,1.9989305,2.035349,4.601e-06,-2.132e-06,0.004868873,-0.0010085,1.432556,3.6594837,274.804,292.298,292.385,292.35,292.818,65.5970089137554,NaN,20.7962446812783,-8.53617650395245,413.336037768491,183.756720856461,28.65112,274.804,292.298,292.818,292.35,292.818,1.69235061119785
20230531181116.5,66.4530090987682,9.7458699,1.8055956,1.9999781,2.0360474,1.683e-06,5.61e-07,0.007637587,0.010303498,1.4327475,3.6474193,274.863,292.298,292.377,292.364,293.095,66.4530090987682,NaN,20.7979329856405,-7.20820625976603,422.17096421888,177.928481826228,28.65495,274.863,292.298,293.095,292.364,293.095,0.721033020649059
20230531181117.4,67.3200029879808,9.7354388,1.7294466,1.9995162,2.0361825,3.704e-06,-2.918e-06,0.080489315,0.047291181,1.4352483,3.6652512,274.844,292.31,292.351,292.336,292.871,67.3200029879808,NaN,20.7689820212603,-7.79372502245178,423.880011417397,170.313674550822,28.704966,274.844,292.31,292.871,292.336,292.871,14.6297110039145
20230531181118.3,68.168006837368,9.7455883,1.7818045,1.9989417,2.033862,7.968e-06,-4.49e-07,-0.033179538,-0.030572776,1.4292668,3.6559917,274.86,292.312,292.262,292.328,292.992,68.168006837368,NaN,20.7971514197874,-8.52197903666047,394.525133370254,175.549400796012,28.585336,274.86,292.312,292.992,292.328,292.992,1.40187669544359
20230531181119.3,69.2070074379444,9.7333098,1.9042737,1.9992234,2.034031,-1.0213e-05,-5.275e-06,0.00155763,0.00112127,1.4292217,3.658943,274.829,292.307,292.172,292.331,292.829,69.2070074379444,NaN,20.763073094765,-8.16488738165162,396.663023648201,187.796171668553,28.584434,274.829,292.307,292.829,292.331,292.829,18.6461808857995
20230531181120.3,70.1910093426704,9.7119183,1.7611227,1.9992909,2.0376807,3.03e-06,6.06e-06,-0.17128384,0.00164226,1.4293569,3.667628,274.883,292.321,292.082,292.347,292.866,70.1910093426704,NaN,20.7037021219492,-8.07932228859818,442.832598484947,173.481245979685,28.587138,274.883,292.321,292.866,292.347,292.866,46.2446832949099
20230531181121.3,71.1790043860674,9.7453742,1.873555,2.0011947,2.036543,-6.73e-07,2.469e-06,-0.000699529,0.04052976,1.4241076,3.6662763,274.872,292.312,291.934,292.359,292.857,71.1790043860674,NaN,20.7965571966016,-5.66600637519468,428.440422335734,184.72433907389,28.482152,274.872,292.312,292.857,292.359,292.857,1.33357106161891
20230531181122.1,72.0430009067059,9.7452053,1.8026555,2.0030871,2.0372527,3.816e-06,6.958e-06,-0.058508769,-0.01665212,1.4240963,3.6553496,274.88,292.276,291.898,292.345,292.916,72.0430009067059,NaN,20.7960884236166,-3.26714145528422,437.418296479264,177.634475406309,28.481926,274.88,292.276,292.916,292.345,292.916,1.40580696097473
20230531181123.2,73.0740051716566,9.7447434,2.0005188,2.002445,2.0392352,1.1896e-05,9.315e-06,-0.00478084,-0.00229989,1.4242202,3.6535473,274.94,292.307,291.867,292.345,293.037,73.0740051716566,NaN,20.7948064446837,-4.08108732564733,462.497393970523,197.420564473477,28.484404,274.94,292.307,293.037,292.345,293.037,1.89053417309721
20230531181124,73.9220090210438,9.7438648,1.7489344,2.0027041,2.0372414,-3.03e-06,-4.265e-06,0.57674446,0.32413963,1.4240625,3.6741392,274.896,292.272,291.903,292.316,292.684,73.9220090210438,NaN,20.7923679370187,-3.75264413142349,437.275348786126,172.262430821051,28.48125,274.896,292.272,292.684,292.316,292.684,3.19749472677156
20230531181125.1,75.0390015542507,9.7441915,1.6697779,2.0045065,2.0357657,1.235e-06,4.153e-06,-0.000389887,-0.000301786,1.4239837,3.665116,274.915,292.283,291.968,292.314,292.675,75.0390015542507,NaN,20.7932746755278,-1.4678660022505,418.607392081027,164.346877207798,28.479674,274.915,292.283,292.675,292.314,292.675,2.8405841491544
20230531181126.2,76.0900016874075,9.7081672,1.7926863,1.9484985,2.0355405,1.6947e-05,1.1111e-05,-0.00400822,-0.00263953,1.4239724,3.6593936,274.96,292.288,292.032,292.307,293.021,76.0900016874075,NaN,20.6932911430029,-72.4653435092982,415.758558408885,176.637567545536,28.479448,274.96,292.288,293.021,292.307,293.021,53.1141078726499
20230531181127,76.9490092992783,9.7343574,1.7816919,2.0009919,2.0375793,-7.407e-06,-6.73e-07,0.622171,0.3431146,1.4240738,3.6638657,274.898,292.272,292.038,292.299,292.691,76.9490092992783,NaN,20.7659806529596,-5.92308194365705,441.549864318178,175.538140933122,28.481476,274.898,292.272,292.691,292.299,292.691,16.1229855066184
20230531181127.9,77.8080068528652,9.7037853,1.6987843,2.0031209,2.0351575,3.37e-07,3.142e-06,0.12993539,0.17015257,1.4240963,3.6541668,274.927,292.288,292.066,292.299,292.713,77.8080068528652,NaN,20.6811294121387,-3.22429552720769,410.913517128098,167.247481887483,28.481926,274.927,292.288,292.713,292.299,292.713,56.404011279444
20230531181128.8,78.6790039390326,9.7038754,1.8017543,1.9404443,2.0332425,2.3344e-05,7.519e-06,-0.76429058,-0.62872699,1.4241752,3.6643275,274.99,292.311,292.085,292.309,292.922,78.6790039390326,NaN,20.6813794799063,-82.6750971755109,386.688310724185,177.544356503676,28.483504,274.99,292.311,292.922,292.309,292.922,59.5553699566415
20230531181129.6,79.5350041240454,9.7375228,1.9946837,2.0062863,2.0323864,9.091e-06,8.98e-07,-0.17125797,-0.3054747,1.424254,3.6557777,274.959,292.286,292.091,292.325,293.034,79.5350041240454,NaN,20.7747660526441,0.788263666137027,375.858441688993,196.837061578721,28.48508,274.959,292.286,293.034,292.325,293.034,13.1069485574698
20230531181130.5,80.3900085389614,9.7326114,1.7672394,2.0067368,2.032499,7.86e-07,-4.489e-06,0.40676148,0.21635958,1.440813,3.6697683,274.925,292.297,292.119,292.317,292.757,80.3900085389614,NaN,20.7611347226352,1.3593314353293,377.282858525068,174.092908531544,28.81626,274.925,292.297,292.757,292.317,292.757,18.9201709670039
20230531181131.4,81.2610056251287,9.7442027,1.8095607,2.0063426,2.0334903,-7.744e-06,0,0.52776401,0.46316344,1.4407905,3.6622098,274.898,292.284,292.13,292.319,292.713,81.2610056251287,NaN,20.7933057605334,0.85963129189804,389.823039782612,178.324986998032,28.81581,274.898,292.284,292.713,292.319,292.713,3.1957502165257
20230531181132.2,82.1290053427219,9.7105666,1.6719407,1.986877,2.0340197,1.5488e-05,1.0437e-05,-0.67738102,-0.43181544,1.4402723,3.6422714,274.977,292.306,292.169,292.333,292.99,82.1290053427219,NaN,20.6999505503458,-23.815566861244,396.520075955057,164.563154574214,28.805446,274.977,292.306,292.99,292.333,292.99,47.4776280427021
20230531181133.1,82.9720001667738,9.7449574,2.0147347,2.0077281,2.0368922,-9.764e-06,-1.683e-06,0.49097245,0.41552357,1.440216,3.6599568,274.92,292.312,292.186,292.327,292.794,82.9720001667738,NaN,20.7954003903248,2.61593405375379,432.85788556093,198.842137163157,28.80432,274.92,292.312,292.794,292.327,292.794,1.78793808199539
20230531181133.9,83.8120076805353,9.7045738,1.7025467,2.0053738,2.0355067,4.377e-06,5.61e-07,0.1580222,0.24431368,1.4402385,3.6770905,274.941,292.306,292.208,292.333,292.631,83.8120076805353,NaN,20.6833178520361,-0.368449628841972,415.330980353294,167.623717306109,28.80477,274.941,292.306,292.631,292.333,292.631,55.2835058143394
20230531181134.8,84.6640046685934,9.745025,1.7515478,1.9272647,2.0363177,2.2109e-05,6.958e-06,-0.77275458,-0.61834997,1.4401033,3.6591458,274.967,292.315,292.217,292.338,292.995,84.6640046685934,NaN,20.7955880105367,-99.3819668111323,425.590323639757,172.523767638784,28.802066,274.967,292.315,292.995,292.338,292.995,3.34686096488304
20230531181135.6,85.5190090835094,9.7345039,1.7716664,2.0059371,2.03901,8.529e-06,3.37e-07,-0.16222713,-0.28801917,1.4451724,3.6556763,274.93,292.309,292.222,292.324,293.029,85.5190090835094,NaN,20.7663872559336,0.345606918074736,459.648560298381,174.535603140905,28.903448,274.93,292.309,293.029,292.324,293.029,15.5623318372096
20230531181136.5,86.3670028746128,9.7332197,1.9757363,2.0078408,2.0390663,-1.908e-06,-5.163e-06,0.60927138,0.38936216,1.4525733,3.6690474,274.905,292.306,292.236,292.319,292.704,86.3670028746128,NaN,20.7628230269973,2.75879606837725,460.360768716415,194.942344650462,29.051466,274.905,292.306,292.704,292.319,292.704,18.2282122967383
20230531181137.3,87.2110035270452,9.7450363,1.6780462,2.0076943,2.0396633,1.459e-05,3.142e-06,-0.42003036,-0.34992603,1.4613146,3.6573998,274.924,292.306,292.276,292.307,293.001,87.2110035270452,NaN,20.7956193730869,2.57308812567635,467.912961000038,165.173697139711,29.226292,274.924,292.306,293.001,292.307,293.001,1.17887300772813
20230531181138.2,88.0620047450066,9.7337041,1.8546867,2.0061173,2.0388072,-5.387e-06,8.98e-07,0.20272219,0.10481876,1.4609541,3.6443779,274.896,292.312,292.292,292.313,293.004,88.0620047450066,NaN,20.764167453486,0.574034025751644,457.083091964843,182.837532049313,29.219082,274.896,292.312,293.004,292.313,293.004,17.0399093645615
20230531181139.1,89.0430092811584,9.7451602,1.6878013,2.0075254,2.0383453,4.153e-06,5.948e-06,-0.19825383,0.000803454,1.4489798,3.6675717,274.91,292.32,292.306,292.305,292.788,89.0430092811584,NaN,20.7959632509604,2.3589852483924,451.239946879745,166.149195261187,28.979596,274.91,292.32,292.788,292.305,292.788,1.18848056952673
20230531181140.1,90.019004791975,9.7455207,1.6868776,2.0055203,2.0414769,6.846e-06,-2.357e-06,8.5856e-05,-0.019701069,1.4487095,3.6583235,274.899,292.303,292.354,292.313,292.802,90.019004791975,NaN,20.7969637995756,-0.182741686141526,490.85543323719,166.056826385952,28.97419,274.899,292.303,292.802,292.313,292.802,0.362773062524001
20230531181141.1,91.0510048270226,9.7454418,1.784542,2.0041235,2.0396746,-1.3019e-05,-2.581e-06,-3.374e-05,0.00210645,1.4369492,3.65277,274.871,292.312,292.379,292.319,292.92,91.0510048270226,NaN,20.7967448168135,-1.95336867838978,468.055908693179,175.823147462632,28.738984,274.871,292.312,292.92,292.319,292.92,0.74247111584751
20230531181142,91.8980028480291,9.7450025,1.7360927,2.0026478,2.0363064,1.7396e-05,7.968e-06,-0.60345644,-0.36497484,1.4368366,3.6484444,274.908,292.329,292.43,292.333,293.007,91.8980028480291,NaN,20.795525562981,-3.82401175718496,425.447375946616,170.978276458045,28.736732,274.908,292.329,293.007,292.333,293.007,1.77865522071929
20230531181143,92.8900010883808,9.7454981,1.7154334,2.003808,2.0349434,1.2009e-05,1.122e-06,0.000981114,-0.10466017,1.4369042,3.6590669,274.854,292.323,292.461,292.338,292.802,92.8900010883808,NaN,20.7969010744751,-2.35330626147606,408.205101101426,168.91237161432,28.738084,274.854,292.323,292.802,292.338,292.802,1.25658374004278
20230531181143.9,93.8280064612627,9.7454756,1.809955,2.0029745,2.0345154,-1.2345e-05,-1.796e-06,-0.00193438,0.36274186,1.4370844,3.6705683,274.831,292.312,292.455,292.355,292.682,93.8280064612627,NaN,20.7968386269194,-3.40987670680715,402.79079909575,178.364416517904,28.741688,274.831,292.312,292.682,292.355,292.682,1.39565255542717
20230531181144.8,94.679007679224,9.7453404,1.8098311,2.0028055,2.0344027,1.156e-05,7.519e-06,-0.45274719,-0.27934709,1.4371745,3.6394102,274.851,292.317,292.486,292.344,293.015,94.679007679224,NaN,20.7964633864956,-3.62410634719254,401.365117235837,178.352026668773,28.74349,274.851,292.317,293.015,292.344,293.015,1.59804572573091
