20230531180817,0,9.7405,1.7685,1.9961,2.0428,0.0017,-0.0006,-0.628,-0.7947,1.4836,4.0677,273.258,292.309,289.851,292.379,292.849,0,NaN,20.7830291132181,-12.1242060726513,507.59296357297,174.218966996545,29.672,273.258,292.309,292.849,292.379,292.849,0.202471048256579
20230531180817.7,0.703999400138855,9.7456,1.9172,2.0102,2.0445,-0.0006,-0.0011,-0.7975,-0.548,1.4841,2.8871,273.238,292.317,289.856,292.37,292.816,0.703999400138855,NaN,20.7971838925164,5.74939114291419,529.098368735715,189.088785928544,29.682,273.238,292.317,292.816,292.37,292.816,-7.48791604156272
20230531180818.3,1.23099312186241,9.7422,1.7235,1.9983,2.0389,-0.0011,0.0006,1.9646,1.5438,1.4543,4.062,273.23,292.289,289.842,292.356,292.956,1.23099312186241,NaN,20.7877473729842,-9.33541785462012,458.257034081962,169.719021791838,29.086,273.23,292.289,292.956,292.356,292.956,-1.61814429017132
20230531180818.8,1.72699727118015,9.7377,1.8181,1.6069,2.0344,0.0006,-0.0011,-1.3557,-0.6708,1.5314,2.8894,273.23,292.314,289.856,292.376,292.777,1.72699727118015,NaN,20.7752578618386,-505.486194462574,401.33096159235,179.178906599956,30.628,273.23,292.314,292.777,292.376,292.777,13.4261266303907
20230531180819.2,2.22699455916882,9.7417,1.7364,2.0017,2.0282,0,0.0011,1.5658,0.9671,1.4537,4.4146,273.204,292.303,289.87,292.362,292.942,2.22699455916882,NaN,20.7863596495236,-5.02547242675291,322.899483939986,171.009006083854,29.074,273.204,292.303,292.942,292.362,292.942,0.328903323367618
20230531180819.8,2.74999514222145,9.7394,1.8119,1.9978,2.0378,-0.0023,0.0011,0.8871,0.9789,1.4537,3.7646,273.21,292.3,289.929,292.353,292.908,2.74999514222145,NaN,20.7799761216047,-9.9692333587177,444.341771917832,178.558914149529,29.074,273.21,292.3,292.908,292.353,292.908,2.31920530410608
20230531180820.2,3.20399589836597,9.7433,1.8851,2.5312,2.0423,-0.0011,-0.0011,-1.5985,-1.0414,1.5393,3.1164,273.204,292.3,289.991,292.37,292.768,3.20399589836597,NaN,20.7908003645975,666.185146413083,501.267844407455,185.878825015853,30.786,273.204,292.3,292.768,292.37,292.768,-15.2924227464725
20230531180820.7,3.65299768745899,9.7557,2.0704,2.0113,2.0428,0.0011,-0.0006,-1.0527,-1.1079,1.5247,3.3388,273.165,292.3,290.019,292.362,292.793,3.65299768745899,NaN,20.8252159064209,7.14378525192933,507.59296357297,204.408599381014,30.494,273.165,292.3,292.793,292.362,292.793,-22.2818847279986
20230531180821.1,4.08999994397163,9.7428,1.8288,2.0096,2.0248,0,-0.0011,-0.5018,-0.4979,1.523,3.0082,273.151,292.286,290.083,292.362,292.816,4.08999994397163,NaN,20.7894126411369,4.98881253799573,279.888673614496,180.248893570853,30.46,273.151,292.286,292.816,292.362,292.816,-0.896793766832521
20230531180821.6,4.5359943062067,9.7433,1.9848,1.9967,2.04,0.0023,0.0006,-0.013,-0.4709,1.5213,4.1003,273.131,292.269,290.058,292.345,292.95,4.5359943062067,NaN,20.7908003645975,-11.3636274677337,472.172296246095,195.848703613838,30.426,273.131,292.269,292.95,292.345,292.95,-3.41254894147254
20230531180822,4.98099289834499,9.7445,1.746,1.9978,2.0383,-0.0023,0.0011,2.2293,1.6086,1.4081,4.4079,273.134,292.286,290.064,292.345,292.942,4.98099289834499,NaN,20.794130900903,-9.9692333587177,450.66689108335,171.968994394191,28.162,273.134,292.286,292.942,292.345,292.942,-4.6404915364652
20230531180822.4,5.41799515485764,9.7433,1.9792,2.0096,2.0226,0.0011,0.0011,0.8189,0.8634,1.4075,4.4033,273.134,292.278,290.058,292.356,292.911,5.41799515485764,NaN,20.7908003645975,4.98881253799573,252.05814928624,195.288710432808,28.15,273.134,292.278,292.911,292.356,292.911,-1.35763131814218
20230531180822.9,5.85599318146706,9.7422,1.7314,2.0074,2.0214,-0.0011,-0.0011,-0.5627,0.2484,1.4075,3.1327,273.131,292.295,290.072,292.348,292.704,5.85599318146706,NaN,20.7877473729842,2.20002431996454,236.877863289006,170.50901217222,28.15,273.131,292.295,292.704,292.348,292.704,0.403025036148882
20230531180823.3,6.3089981675148,9.7411,1.9026,1.9905,2.0299,0.0023,-0.0011,-1.7336,-1.3658,1.5562,2.8871,273.123,292.292,290.075,292.362,292.765,6.3089981675148,NaN,20.7846943813708,-19.2229397185497,344.404889102731,187.628803706573,31.124,273.123,292.292,292.765,292.362,292.765,1.19876429698274
20230531180823.8,6.74699619412422,9.7507,1.7088,2.0074,2.0412,0.0023,-0.0006,-0.7756,-1.2943,1.5562,4.0671,273.097,292.292,290.114,292.342,292.847,6.74699619412422,NaN,20.8113386718147,2.20002431996454,487.352582243322,168.249039691633,31.124,273.097,292.292,292.847,292.342,292.847,-13.2949518475593
20230531180824.2,7.17999525368214,9.7467,1.7105,2.0102,2.0288,0.0017,0.0006,-0.0586,-0.7153,1.4723,4.1409,273.077,292.286,290.125,292.351,292.967,7.17999525368214,NaN,20.8002368841298,5.74939114291419,330.489626938601,168.419037621589,29.446,273.077,292.286,292.967,292.351,292.967,-6.55475591336719
20230531180824.6,7.62499384582043,9.7428,1.6942,1.9955,2.0395,0.0017,-0.0011,-0.0068,0.1481,1.4706,3.4447,273.06,292.272,290.139,292.342,292.782,7.62499384582043,NaN,20.7894126411369,-12.8847846775689,465.847177080577,166.789057469662,29.412,273.06,292.272,292.782,292.342,292.782,-2.41174895051407
20230531180825.1,8.07500146329403,9.7439,1.7364,1.9989,2.0417,-0.0023,0.0006,2.0338,1.9403,1.4712,3.6312,273.075,292.258,290.122,292.325,292.936,8.07500146329403,NaN,20.7924656327503,-8.57483924970256,493.67770140884,171.009006083854,29.424,273.075,292.258,292.936,292.325,292.936,-4.26145567261285
20230531180825.6,8.52799639105797,9.7405,1.6998,1.7804,2.0428,-0.0011,-0.0006,-1.087,-0.3768,1.5371,3.1113,273.086,292.267,290.136,292.339,292.774,8.52799639105797,NaN,20.7830291132181,-285.55221454055,507.59296357297,167.349050650692,30.742,273.086,292.267,292.774,292.339,292.774,4.65833216559381
20230531180826,8.96499864757061,9.7546,1.9082,2.0119,2.0395,0.0006,-0.0011,-0.8708,-0.7846,1.5072,3.4447,273.049,292.283,290.15,292.337,292.799,8.96499864757061,NaN,20.8221629148076,7.90436385684689,465.847177080577,188.188796887603,30.144,273.049,292.283,292.799,292.337,292.799,-19.4342000486653
20230531180826.4,9.41099300980568,9.7569,1.7207,2.0158,2.0412,0,0.0006,1.9223,1.033,1.4199,4.3138,273.032,292.25,290.153,292.328,292.945,9.41099300980568,NaN,20.8285464427264,12.8481247888121,487.352582243322,169.439025201323,28.398,273.032,292.25,292.945,292.328,292.945,-21.9065724766745
20230531180826.9,9.84799526631832,9.7383,2.0237,2.0079,2.0299,-0.0017,0.0006,0.949,1.127,1.4199,3.7111,273.055,292.264,290.17,292.339,292.905,9.84799526631832,NaN,20.7769231299913,2.83383982406258,344.404889102731,199.738656246351,28.398,273.055,292.264,292.905,292.339,292.905,4.90488367577449
20230531180827.3,10.2890007197857,9.7512,1.8958,2.0124,2.0462,-0.0017,0.0006,0.4562,0.552,1.4199,3.8497,273.046,292.275,290.167,292.339,292.88,10.2890007197857,NaN,20.8127263952754,8.53817936094492,550.603773898452,186.94881198675,28.398,273.046,292.275,292.88,292.339,292.88,-15.6039851687392
20230531180827.8,10.7430014759302,9.7552,1.7291,2.73,2.0423,-0.0017,0,-1.7854,-1.3596,1.4717,3.1659,273.033,292.31,290.206,292.364,292.782,10.7430014759302,NaN,20.8238281829603,918.190190842467,501.267844407455,170.279014972868,29.434,273.033,292.31,292.782,292.364,292.782,-34.7775338588682
20230531180828.2,11.179993674159,9.7467,1.6632,2.0136,2.0333,0.0011,-0.0011,-1.1591,-1.2115,1.4762,3.2127,273.025,292.276,290.231,292.364,292.79,11.179993674159,NaN,20.8002368841298,10.05933657078,387.41569942822,163.68909521753,29.524,273.025,292.276,292.79,292.364,292.79,-7.08984317222741
20230531180828.7,11.6289954632521,9.7456,1.8761,2.0136,2.031,0,0.0011,1.5455,0.9175,1.4407,4.2952,272.98,292.257,290.248,292.35,292.93,11.6289954632521,NaN,20.7971838925164,10.05933657078,358.32015126686,184.978835974912,28.814,272.98,292.257,292.93,292.35,292.93,-5.71646758015348
20230531180829.1,12.0669934898615,9.7349,1.7888,2.0029,2.0316,-0.0023,0.0006,0.8809,1.2577,1.4413,3.2848,273.019,292.273,290.27,292.367,292.843,12.0669934898615,NaN,20.7674866104591,-3.5043152169178,365.910294265475,176.24894227778,28.826,273.019,292.273,292.843,292.367,292.843,9.10640844100046
20230531180829.5,12.5079989433289,9.74,1.7212,1.9584,2.0321,0.0017,-0.0006,-1.9972,-1.6058,1.4706,3.5867,272.985,292.273,290.242,292.367,292.762,12.5079989433289,NaN,20.7816413897574,-59.9138950816446,372.235413430983,169.489024592486,29.412,272.985,292.273,292.762,292.367,292.762,3.00104989640093
20230531180830,12.9570007324219,9.7394,1.7911,2.0051,2.044,0,-0.0023,-1.0138,-1.0504,1.47,3.0043,272.98,292.285,290.181,292.361,292.79,12.9570007324219,NaN,20.7799761216047,-0.715526998886162,522.7732495702,176.478939477131,29.4,272.98,292.285,292.79,292.361,292.79,1.35076024972343
20230531180830.4,13.4029950946569,9.7501,1.7212,2.0085,2.0457,-0.0017,0.0006,2.0057,1.4836,1.4667,3.9882,272.954,292.259,290.122,292.361,292.941,13.4029950946569,NaN,20.809673403662,3.59441842898059,544.278654732945,169.489024592486,29.334,272.954,292.259,292.941,292.361,292.941,-13.2032253659233
20230531180830.9,13.8599932193756,9.7484,1.8097,2,2.0434,-0.0011,-0.0006,-0.9181,-0.3475,1.4509,3.1642,272.985,292.299,290.114,292.37,292.801,13.8599932193756,NaN,20.8049551438959,-7.18044514068652,515.183106571585,178.33891682841,29.018,272.985,292.299,292.801,292.37,292.801,-10.7528089572476
20230531180831.3,14.3050018697977,9.7535,1.9026,2.009,2.0423,0.0011,0.0011,0.4427,-0.1048,1.4514,4.2592,272.932,292.299,290.069,292.359,292.986,14.3050018697977,NaN,20.8191099231942,4.22823393307817,501.267844407455,187.628803706573,29.028,272.932,292.299,292.986,292.359,292.986,-18.2306585481309
20230531180831.8,14.7619999945164,9.758,1.7021,2.009,2.0327,0,0.0006,1.3135,1.1073,1.4509,4.3144,272.949,292.282,290.058,292.35,292.919,14.7619999945164,NaN,20.8315994343398,4.22823393307817,379.825556429605,167.579047850044,29.018,272.949,292.282,292.919,292.35,292.919,-21.9897160912994
20230531180832.2,15.2109917253256,9.7495,2.0547,1.8085,2.0316,-0.0006,-0.0011,-1.5314,-0.7744,1.4492,2.9485,272.935,292.296,290.041,292.364,292.768,15.2109917253256,NaN,20.8080081355092,-249.93178321024,365.910294265475,202.838618498483,28.984,272.935,292.296,292.768,292.364,292.768,-7.05344846847507
20230531180832.7,15.6649924814701,9.7512,1.6514,2.0057,2.0237,0.0011,0,0.0141,-0.3194,1.4492,4.1155,272.918,292.262,290.024,292.356,292.841,15.6649924814701,NaN,20.8127263952754,0.045051606031393,265.973411450366,162.509109586073,28.984,272.918,292.262,292.841,292.356,292.841,-11.5972384510308
20230531180833.1,16.1139942705631,9.7343,1.7364,2.009,2.0299,-0.0017,-0.0011,0.9344,1.3163,1.4486,3.1975,272.929,292.271,290.021,292.356,292.756,16.1139942705631,NaN,20.7658213423064,4.22823393307817,344.404889102731,171.009006083854,28.972,272.929,292.271,292.756,292.356,292.756,9.85616710275167
20230531180833.6,16.5669992566109,9.7411,1.7759,1.9916,2.0214,0,-0.0017,-1.4605,-0.9248,1.4492,2.8854,272.932,292.29,289.999,292.347,292.776,16.5669992566109,NaN,20.7846943813708,-17.8285456095336,236.877863289006,174.958957985763,28.984,272.932,292.29,292.776,292.347,292.776,2.23095368851334
20230531180834,17.0119978487492,9.7473,1.5585,2.0096,2.0282,0,0.0017,1.5804,1.0454,1.4498,4.1031,272.895,292.271,289.982,292.353,292.941,17.0119978487492,NaN,20.8019021522825,4.98881253799573,322.899483939986,153.219222707911,28.996,272.895,292.271,292.941,292.353,292.941,-6.93677635740402
20230531180834.5,17.4459926784039,9.736,1.7111,2.0006,2.0282,-0.0017,0.0006,0.8454,0.8798,1.4498,3.7185,272.912,292.276,289.976,292.347,292.891,17.4459926784039,NaN,20.7705396020725,-6.41986653576896,322.899483939986,168.479036890985,28.996,272.912,292.276,292.891,292.347,292.891,7.9138638694001
20230531180834.9,17.8869981318712,9.7473,1.6142,2,2.0428,-0.0006,-0.0011,-0.8803,-0.1583,1.4008,3.0905,272.895,292.282,289.974,292.347,292.692,17.8869981318712,NaN,20.8019021522825,-7.18044514068652,507.59296357297,158.789154883515,28.016,272.895,292.282,292.692,292.347,292.692,-8.68319027933527
20230531180835.4,18.3359999209642,9.745,1.6142,1.9978,2.0406,0.0011,0,-0.552,-1.1383,1.4002,4.0744,272.881,292.273,290.007,292.375,292.779,18.3359999209642,NaN,20.7955186243637,-9.9692333587177,479.762439244711,158.789154883515,28.004,272.881,292.273,292.779,292.375,292.779,-5.39153617337385
20230531180835.8,18.7699947506189,9.7355,1.8001,2.0085,2.0299,0.0017,0,0.606,0.2033,1.4008,4.1995,272.864,292.265,289.982,292.353,292.877,18.7699947506189,NaN,20.7691518786119,3.59441842898059,344.404889102731,177.378928518073,28.016,272.864,292.265,292.877,292.353,292.877,8.43958767691605
20230531180836.2,19.2110002040863,9.7152,1.7624,2.0006,2.0243,-0.0006,0.0011,0.7609,0.5784,1.4013,4.1161,272.878,292.285,289.96,292.356,292.911,19.2110002040863,NaN,20.7128103061106,-6.41986653576896,273.563554448985,173.608974424351,28.026,272.878,292.285,292.911,292.356,292.911,36.6223062844624
20230531180836.7,19.6650009602308,9.74,1.7719,1.9944,2.0333,-0.0006,-0.0006,-0.8494,-0.2399,1.4019,3.2487,272.855,292.287,289.962,292.367,292.852,19.6650009602308,NaN,20.7816413897574,-14.2791787865849,387.41569942822,174.558962856456,28.038,272.855,292.287,292.852,292.367,292.852,2.13799169218059
20230531180837.1,20.1179958879948,9.7428,1.8294,1.9871,2.0372,0.0023,-0.0006,-1.3872,-1.5838,1.4013,4.0525,272.853,292.276,289.951,292.345,292.804,20.1179958879948,NaN,20.7894126411369,-23.532885146416,436.751628919217,180.308892840249,28.026,272.853,292.276,292.804,292.345,292.804,-2.03617164137054
20230531180837.6,20.5669976770878,9.7456,1.7438,1.9927,2.0395,0,0.0011,1.5939,0.9637,1.4013,4.2794,272.83,292.259,289.92,292.361,292.933,20.5669976770878,NaN,20.7971838925164,-16.4341515005181,465.847177080577,171.748997073072,28.026,272.83,292.259,292.933,292.361,292.933,-6.16477855686795
20230531180838,21.0239958018064,9.7479,1.799,2.0045,2.04,-0.0011,0.0011,0.793,1.0448,1.4019,3.4222,272.847,292.271,289.912,292.339,292.899,21.0239958018064,NaN,20.8035674204353,-1.47610560380372,472.172296246095,177.268929857513,28.038,272.847,292.271,292.899,292.339,292.899,-9.7252984068578
20230531180838.5,21.4729975908995,9.754,1.9561,1.6858,2.0389,0.0017,-0.0011,-1.9268,-1.523,1.4008,3.4301,272.822,292.293,289.901,292.345,292.742,21.4729975908995,NaN,20.8204976466548,-405.470107915902,458.257034081962,192.978738561058,28.016,272.822,292.293,292.742,292.345,292.742,-11.5570217270178
20230531180838.9,21.9219993799925,9.7518,1.7652,2.0051,2.035,0.0011,0.0011,1.1901,0.5182,1.4013,4.3566,272.83,292.248,289.89,292.336,292.919,21.9219993799925,NaN,20.8143916634281,-0.715526998886162,408.921104590965,173.888971014866,28.026,272.83,292.248,292.919,292.336,292.919,-14.2844182340516
20230531180839.4,22.3559942096472,9.7422,1.7719,2.0068,2.0237,-0.0017,0.0006,0.8539,0.9096,1.4019,3.63,272.836,292.285,289.87,292.333,292.883,22.3559942096472,NaN,20.7877473729842,1.43944571504699,265.973411450366,174.558962856456,28.038,272.836,292.285,292.883,292.333,292.883,0.125191143864712
20230531180839.8,22.7969996631145,9.7422,1.9088,1.9539,2.0237,-0.0011,-0.0017,-1.2098,-0.4714,1.4008,3.2065,272.819,292.293,289.85,292.345,292.804,22.7969996631145,NaN,20.7877473729842,-65.6182346185269,265.973411450366,188.248796156999,28.016,272.819,292.293,292.804,292.345,292.804,1.29985447685553
20230531180840.3,23.2580009847879,9.7557,1.6396,2.0079,2.0333,-0.0023,0.0006,1.1405,0.891,1.4008,3.6238,272.791,292.273,289.822,292.339,292.902,23.2580009847879,NaN,20.8252159064209,2.83383982406258,387.41569942822,161.329123954617,28.016,272.791,292.273,292.902,292.339,292.902,-18.6954683375829
20230531180840.7,23.7109959125519,9.7524,1.6677,1.7004,2.031,0,-0.0023,-1.5799,-0.9964,1.3895,2.9947,272.802,292.285,289.794,292.359,292.751,23.7109959125519,NaN,20.8160569315808,-386.962695196239,358.32015126686,164.139089738001,27.79,272.802,292.285,292.751,292.359,292.751,-7.87592318626358
20230531180841.2,24.1570003330708,9.7501,1.8773,2.0068,2.0282,0.0011,0.0017,0.6798,-0.0755,1.3906,4.3431,272.779,292.279,289.772,292.342,292.955,24.1570003330708,NaN,20.809673403662,1.43944571504699,322.899483939986,185.098834513704,27.812,272.779,292.279,292.955,292.342,292.955,-11.5055013829121
20230531180841.6,24.5939925312996,9.7417,1.8564,2.004,2.0197,-0.0017,0.0006,1.22,0.8865,1.3901,4.3369,272.788,292.276,289.766,292.333,292.911,24.5939925312996,NaN,20.7863596495236,-2.10992110790221,215.372458126261,183.008859963073,27.802,272.788,292.276,292.911,292.333,292.911,1.41015332018867
20230531180842.1,25.0279974192381,9.74,1.8299,1.9893,2.035,-0.0011,0,-1.0093,-0.4083,1.3906,3.1794,272.779,292.296,289.741,292.333,292.773,25.0279974192381,NaN,20.7816413897574,-20.7440969283848,408.921104590965,180.358892231412,27.812,272.779,292.296,292.773,292.333,292.773,2.06344038109065
20230531180842.5,25.4569932818413,9.7433,1.8711,1.9961,2.035,0.0017,0,-1.051,-1.3743,1.3901,4.1144,272.757,292.29,289.738,292.328,292.891,25.4569932818413,NaN,20.7908003645975,-12.1242060726513,408.921104590965,184.478842063277,27.802,272.757,292.29,292.891,292.328,292.891,-2.66465028832464
20230531180842.9,25.9109940379858,9.7439,1.6142,2.009,2.0214,-0.0006,-0.0017,-0.3588,-0.1712,1.3906,3.0578,272.765,292.296,289.747,292.331,292.784,25.9109940379858,NaN,20.7924656327503,4.22823393307817,236.877863289006,158.789154883515,27.812,272.765,292.296,292.784,292.331,292.784,-1.84277104740489
20230531180843.4,26.3559926301241,9.7462,1.8029,2.0141,2.0259,0,0.0011,1.9893,1.5393,1.3906,4.4067,272.754,292.273,289.747,292.328,292.927,26.3559926301241,NaN,20.7988491606691,10.6931520748785,293.803935778626,177.658925108588,27.812,272.754,292.273,292.927,292.328,292.927,-5.79057970556702
20230531180843.8,26.8010012805462,9.7405,1.946,2.0124,2.0248,-0.0006,-0.0023,0.3526,0.4162,1.3912,3.2172,272.754,292.276,289.755,292.319,292.866,26.8010012805462,NaN,20.7830291132181,8.53817936094492,279.888673614496,191.968750859557,27.824,272.754,292.276,292.866,292.319,292.866,2.27589389248
20230531180844.3,27.2429924458265,9.7405,1.7945,1.9995,2.0327,0.0006,-0.0011,-0.7581,-0.5582,1.3889,3.0916,272.717,292.268,289.733,292.336,292.782,27.2429924458265,NaN,20.7830291132181,-7.81426064478455,379.825556429605,176.818935337042,27.778,272.717,292.268,292.782,292.336,292.782,1.43941757232386
20230531180844.7,27.7070011943579,9.7552,1.8598,2.0158,2.0327,-0.0006,-0.0023,0.1966,0.5114,1.3884,3.1755,272.728,292.259,289.702,292.328,292.841,27.7070011943579,NaN,20.8238281829603,12.8481247888121,379.825556429605,183.348855822984,27.768,272.728,292.259,292.841,292.328,292.841,-19.3463913592397
20230531180845.2,28.1529955565929,9.7563,1.6812,2.0152,2.0282,0.0011,0,0.7942,0.4624,1.3889,4.169,272.706,292.243,289.696,292.331,292.897,28.1529955565929,NaN,20.8268811745737,12.0875461838946,322.899483939986,165.489073299413,27.778,272.706,292.243,292.897,292.331,292.897,-19.2557394257089
20230531180845.6,28.5979941487312,9.7479,1.7105,2.0107,2.0383,0.0006,-0.0006,-0.9766,-0.4821,1.3901,2.8967,272.717,292.248,289.694,292.333,292.776,28.5979941487312,NaN,20.8035674204353,6.38320664701178,450.66689108335,168.419037621589,27.802,272.717,292.248,292.776,292.333,292.776,-9.40357553645136
20230531180846.1,29.0469959378242,9.7445,1.67,2.0029,2.0378,0,0.0011,1.7297,1.1512,1.3895,4.4028,272.703,292.248,289.68,292.328,292.913,29.0469959378242,NaN,20.794130900903,-3.5043152169178,444.341771917832,164.369086937352,27.79,272.703,292.248,292.913,292.328,292.913,-4.58587900751452
20230531180846.5,29.4810008257627,9.7495,1.7505,2.0158,2.0366,-0.0023,-0.0006,0.3436,1.0499,1.3895,3.2087,272.72,292.243,289.652,292.319,292.734,29.4810008257627,NaN,20.8080081355092,12.8481247888121,429.161485920606,172.418988914662,27.79,272.72,292.243,292.734,292.319,292.734,-11.5657622557242
20230531180847,29.9379989504814,9.7563,1.9279,1.6182,2.0378,0.0023,0,-1.7674,-1.3197,1.3912,3.0736,272.723,292.268,289.64,292.322,292.748,29.9379989504814,NaN,20.8268811745737,-491.161964069958,444.341771917832,190.158772899441,27.824,272.723,292.268,292.748,292.322,292.748,-13.0853922946339
20230531180847.4,30.3990002721548,9.7433,1.7252,2,2.0355,-0.0006,-0.0011,-0.2557,-0.0952,1.3912,3.0037,272.686,292.268,289.632,292.317,292.776,30.3990002721548,NaN,20.7908003645975,-7.18044514068652,415.246223756472,169.889019721793,27.824,272.686,292.268,292.776,292.317,292.776,-2.70285372980983
20230531180847.9,30.847992002964,9.7411,1.6835,2.0029,2.031,0.0006,0.0006,1.1805,0.7418,1.3906,4.1837,272.665,292.263,289.621,292.325,292.857,30.847992002964,NaN,20.7846943813708,-3.5043152169178,358.32015126686,165.719070498765,27.812,272.665,292.263,292.857,292.325,292.857,0.742529404786333
20230531180848.3,31.3089933246374,9.7355,1.7674,1.9983,2.0338,0.0017,0.0006,-1.1259,-1.358,1.3917,4.1324,272.698,292.277,289.618,292.339,292.871,31.3089933246374,NaN,20.7691518786119,-9.33541785462012,393.740818593727,174.108968335985,27.834,272.698,292.277,292.871,292.339,292.871,8.08339801376909
20230531180848.8,31.7579951137304,9.7535,1.9105,2.0124,2.0383,-0.0017,0,0.5339,0.4647,1.3929,3.2352,272.693,292.263,289.615,292.333,292.863,31.7579951137304,NaN,20.8191099231942,8.53817936094492,450.66689108335,188.418794086954,27.858,272.693,292.263,292.863,292.333,292.863,-17.8811847174764
20230531180849.2,32.2149932384491,9.7405,1.835,1.9972,2.0344,-0.0023,0.0006,1.4819,1.3777,1.3929,3.79,272.656,292.266,289.615,292.305,292.913,32.2149932384491,NaN,20.7830291132181,-10.7298119636357,401.33096159235,180.868886021279,27.858,272.656,292.266,292.913,292.305,292.913,1.28265412879985
20230531180849.7,32.6569944620132,9.7456,1.6536,2.0051,2.0428,-0.0023,0,0.0434,0.3864,1.3929,3.2696,272.676,292.266,289.632,292.311,292.849,32.6569944620132,NaN,20.7971838925164,-0.715526998886162,507.59296357297,162.729106907192,27.858,272.676,292.266,292.849,292.311,292.849,-6.67021155844096
20230531180850.1,33.1019930541515,9.7495,1.7331,1.9589,2.0434,0.0023,0,-1.6536,-1.6486,1.3934,4.0682,272.666,292.255,289.646,292.31,292.814,33.1019930541515,NaN,20.8080081355092,-59.2800795775461,515.183106571585,170.679010102175,27.868,272.666,292.255,292.814,292.31,292.814,-11.1683147300906
20230531180850.6,33.5389953106642,9.7563,1.835,2.013,2.0395,0,0.0017,1.3157,0.4607,1.3934,4.2237,272.657,292.238,289.663,292.341,292.873,33.5389953106642,NaN,20.8268811745737,9.29875796586248,465.847177080577,180.868886021279,27.868,272.657,292.238,292.873,292.341,292.873,-21.5613847412645
20230531180851,33.9849997311831,9.7518,1.6689,2.0124,2.0406,-0.0006,-0.0011,-0.4585,0.1628,1.3946,3.1209,272.66,292.258,289.663,292.321,292.713,33.9849997311831,NaN,20.8143916634281,8.53817936094492,479.762439244711,164.259088276793,27.892,272.66,292.258,292.713,292.321,292.713,-14.7446270664039
20230531180851.4,34.4259951263666,9.7462,1.7117,2.0102,2.0321,0.0023,-0.0006,-1.3822,-1.2842,1.3946,3.496,272.646,292.263,289.668,292.335,292.761,34.4259951263666,NaN,20.7988491606691,5.74939114291419,372.235413430983,168.539036160381,27.892,272.646,292.263,292.761,292.335,292.761,-6.34203061235601
20230531180851.9,34.8790001124144,9.7428,1.6232,2.0062,2.031,0.0017,0.0006,1.2509,0.6888,1.394,4.2237,272.632,292.244,289.699,292.341,292.898,34.8790001124144,NaN,20.7894126411369,0.678867110129431,358.32015126686,159.689143924457,27.88,272.632,292.244,292.898,292.341,292.898,-1.5438145506649
20230531180852.3,35.3210013359785,9.7326,1.9127,2.0074,2.0305,0,-0.0017,-1.189,-0.6027,1.3946,2.913,272.654,292.274,289.716,292.32,292.733,35.3210013359785,NaN,20.7611030825403,2.20002431996454,351.995032101346,188.638791408073,27.892,272.654,292.274,292.733,292.32,292.733,12.7387478630551
20230531180852.8,35.7579935342073,9.74,1.8333,2.0029,2.0288,0.0017,0,-0.8629,-0.8995,1.3951,3.3552,272.629,292.286,289.755,292.337,292.767,35.7579935342073,NaN,20.7816413897574,-3.5043152169178,330.489626938601,180.698888091323,27.902,272.629,292.286,292.767,292.337,292.767,2.5805717804414
20230531180853.2,36.2039979547262,9.7467,1.7562,2.0079,2.0305,-0.0011,0,1.2109,1.4413,1.3951,3.158,272.618,292.274,289.783,292.309,292.722,36.2039979547262,NaN,20.8002368841298,2.83383982406258,351.995032101346,172.988981973925,27.902,272.618,292.274,292.722,292.309,292.722,-6.84693060818054
20230531180853.7,36.6369970142841,9.7383,1.7308,2.0085,2.0248,0.0023,-0.0011,-1.0302,-0.9727,1.3951,4.0451,272.626,292.283,289.825,292.314,292.787,36.6369970142841,NaN,20.7769231299913,3.59441842898059,279.888673614496,170.449012902824,27.902,272.626,292.283,292.787,292.314,292.787,5.17365621703038
20230531180854.1,37.0710019022226,9.74,1.6452,1.9972,2.0355,0.0017,0,0.4669,0.0653,1.3951,4.1403,272.604,292.28,289.862,292.314,292.857,37.0710019022226,NaN,20.7816413897574,-10.7298119636357,415.246223756472,161.889117135647,27.902,272.604,292.28,292.857,292.314,292.857,1.73021526676494
20230531180854.5,37.5079941004515,9.7355,1.755,2.0051,2.0428,-0.0006,0.0006,1.4869,1.2459,1.3951,4.1285,272.639,292.276,289.895,292.305,292.903,37.5079941004515,NaN,20.7691518786119,-0.715526998886162,507.59296357297,172.868983435133,27.902,272.639,292.276,292.903,292.305,292.903,6.75864774541631
20230531180855,37.9569958895445,9.7388,1.6948,1.8457,2.0423,0.0017,-0.0011,-1.6998,-1.2673,1.3951,2.9113,272.61,292.276,289.962,292.305,292.743,37.9569958895445,NaN,20.778310853452,-202.775909705345,501.267844407455,166.849056739058,27.902,272.61,292.276,292.743,292.305,292.743,5.64841547623891
20230531180855.4,38.4030003100634,9.7445,1.6812,2,2.0428,0,0.0023,1.3754,0.7767,1.3946,4.4186,272.594,292.276,290.018,292.313,292.892,38.4030003100634,NaN,20.794130900903,-7.18044514068652,507.59296357297,165.489073299413,27.892,272.594,292.276,292.892,292.313,292.892,-5.16604747605707
20230531180855.9,38.8359993696213,9.7484,1.6717,2.009,2.0445,-0.0011,-0.0006,0.5824,1.1107,1.3946,3.2346,272.61,292.298,290.072,292.307,292.721,38.8359993696213,NaN,20.8049551438959,4.22823393307817,529.098368735715,164.539084867308,27.892,272.61,292.298,292.721,292.307,292.721,-10.6912512782091
20230531180856.3,39.2780005931854,9.7518,1.5878,1.71,2.0366,0.0006,-0.0011,-1.4796,-1.1039,1.3957,3.1456,272.608,292.29,290.133,292.305,292.741,39.2780005931854,NaN,20.8143916634281,-374.793437517556,429.161485920606,156.149187030087,27.914,272.608,292.29,292.741,292.305,292.741,-7.78396593814793
20230531180856.7,39.7229991853237,9.7467,1.764,2.0068,2.0327,0.0017,0,-0.4264,-1.1574,1.3934,4.1899,272.569,292.256,290.181,292.321,292.945,39.7229991853237,NaN,20.8002368841298,1.43944571504699,379.825556429605,173.768972476074,27.868,272.569,292.256,292.945,292.321,292.945,-7.12028880173825
20230531180857.2,40.1799973100424,9.7411,1.7094,2.0045,2.0299,0,0.0017,1.4847,0.9333,1.394,4.3757,272.564,292.259,290.251,292.324,292.897,40.1799973100424,NaN,20.7846943813708,-1.47610560380372,344.404889102731,168.309038961029,27.88,272.564,292.259,292.897,292.324,292.897,0.853441507036129
20230531180857.6,40.6179953366518,9.7383,1.9189,1.9955,2.0468,-0.0017,0.0006,0.8713,1.1225,1.394,3.4836,272.581,292.273,290.29,292.313,292.861,40.6179953366518,NaN,20.7769231299913,-12.8847846775689,558.193916897075,189.2587838585,27.88,272.581,292.273,292.861,292.313,292.861,2.79723391976949
20230531180858.1,41.0549975931644,9.7569,1.6503,2.0119,2.0445,-0.0011,-0.0006,0.111,0.7305,1.3946,3.2313,272.578,292.27,290.346,292.324,292.701,41.0549975931644,NaN,20.8285464427264,7.90436385684689,529.098368735715,162.399110925514,27.892,272.578,292.27,292.701,292.324,292.701,-21.8196093975162
20230531180858.5,41.4999961853027,9.7563,1.7342,1.7364,2.0395,0.0006,-0.0011,-2.1324,-1.8344,1.4131,3.1637,272.578,292.267,290.402,292.321,292.724,41.4999961853027,NaN,20.8268811745737,-341.327978901179,465.847177080577,170.789008762735,28.262,272.578,292.267,292.724,292.321,292.724,-15.0918941236758
20230531180859,41.9419974088669,9.7422,1.7077,2.004,2.0293,0.0011,0,-0.2929,-1.1873,1.412,4.2023,272.561,292.256,290.453,292.319,292.967,41.9419974088669,NaN,20.7877473729842,-2.10992110790221,336.814746104115,168.139041031074,28.24,272.561,292.256,292.967,292.319,292.967,-0.524261459502546
20230531180859.4,42.3949923366308,9.7439,1.7522,2.0079,2.0293,-0.0017,0.0006,1.7066,1.3771,1.4126,3.7855,272.558,292.245,290.486,292.327,292.909,42.3949923366308,NaN,20.7924656327503,2.83383982406258,336.814746104115,172.588986844618,28.252,272.558,292.245,292.909,292.327,292.909,-2.90363536183066
20230531180859.9,42.8439941257238,9.736,1.6621,2.0034,2.031,0.0006,-0.0011,-1.5123,-0.9389,1.5078,3.1,272.549,292.267,290.534,292.33,292.743,42.8439941257238,NaN,20.7705396020725,-2.87049971281976,358.32015126686,163.579096556971,30.156,272.549,292.267,292.743,292.33,292.743,7.36977469195545
20230531180900.3,43.2969991117716,9.7428,1.6998,2.0102,2.0282,0.0011,0.0017,1.4177,0.8172,1.4436,4.3932,272.538,292.236,290.576,292.319,292.889,43.2969991117716,NaN,20.7894126411369,5.74939114291419,322.899483939986,167.349050650692,28.872,272.538,292.236,292.889,292.319,292.889,-1.3071998348051
20230531180900.8,43.7619935721159,9.7479,1.8992,2.0079,2.0378,0.0011,-0.0006,-1.5827,-1.283,1.4424,3.8514,272.547,292.259,290.632,292.319,292.738,43.7619935721159,NaN,20.8035674204353,2.83383982406258,444.341771917832,187.288807846661,28.848,272.547,292.259,292.738,292.319,292.738,-9.75475558563209
20230531180901.2,44.2109953612089,9.7524,1.6452,2.0096,2.0333,0,0.0017,1.4993,0.9136,1.4137,4.4214,272.527,292.245,290.671,292.291,292.886,44.2109953612089,NaN,20.8160569315808,4.98881253799573,387.41569942822,161.889117135647,28.274,272.527,292.245,292.886,292.291,292.886,-14.4373099026714
20230531180901.7,44.6450002491474,9.736,1.5968,2.0029,2.0271,-0.0023,0.0006,0.7575,1.1496,1.4137,3.2735,272.535,292.259,290.721,292.296,292.794,44.6450002491474,NaN,20.7705396020725,-3.5043152169178,308.984221775856,157.049176071029,28.274,272.535,292.259,292.794,292.296,292.794,7.74674789745253
20230531180902.1,45.0819924473763,9.7411,1.746,1.9398,2.0417,-0.0011,-0.0017,-1.3467,-0.5959,1.4836,3.2172,272.538,292.281,290.766,292.321,292.794,45.0819924473763,NaN,20.7846943813708,-83.491831834092,493.67770140884,171.968994394191,29.672,272.538,292.281,292.794,292.321,292.794,0.721595766301682
20230531180902.5,45.5159973353148,9.7557,1.8339,2.009,2.0378,-0.0011,-0.0017,-0.9338,-0.7012,1.4723,2.9761,272.516,292.276,290.794,292.305,292.749,45.5159973353148,NaN,20.8252159064209,4.22823393307817,444.341771917832,180.758887360719,29.446,272.516,292.276,292.749,292.305,292.749,-20.3153533420086
20230531180903,45.9569927304983,9.7422,1.7207,2.0074,2.0226,0.0006,-0.0011,-0.5942,-0.6212,1.4605,3.2279,272.499,292.27,290.845,292.293,292.763,45.9569927304983,NaN,20.7877473729842,2.20002431996454,252.05814928624,169.439025201323,29.21,272.499,292.27,292.763,292.293,292.763,0.249070010172399
20230531180903.4,46.4109934866428,9.7394,1.7562,2.0023,2.0276,0.0011,0,0.9513,0.4833,1.4599,4.1623,272.493,292.259,290.884,292.293,292.875,46.4109934866428,NaN,20.7799761216047,-4.26489382183536,315.30934094137,172.988981973925,29.198,272.493,292.259,292.875,292.293,292.875,3.48606971797623
20230531180903.9,46.8749921768904,9.7484,1.7376,2.0136,2.0361,0.0011,-0.0006,-0.9226,-0.6083,1.4599,3.336,272.521,292.27,290.923,292.302,292.741,46.8749921768904,NaN,20.8049551438959,10.05933657078,422.836366755088,171.129004622646,29.198,272.521,292.27,292.741,292.302,292.741,-9.88750611700545
20230531180904.3,47.324999794364,9.7557,1.688,2.0124,2.0333,-0.0006,0.0011,1.8181,1.2898,1.4126,4.4197,272.504,292.262,290.957,292.291,292.895,47.324999794364,NaN,20.8252159064209,8.53817936094492,387.41569942822,166.169065019235,28.252,272.504,292.262,292.895,292.291,292.895,-19.0530420462686
20230531180904.8,47.7889984846115,9.7422,1.7336,1.8395,2.0445,0.0011,0,-1.2312,-1.2476,1.4115,3.3912,272.501,292.27,290.971,292.305,292.724,47.7889984846115,NaN,20.7877473729842,-210.635221956161,529.098368735715,170.729009493339,28.23,272.501,292.27,292.724,292.305,292.724,1.00416094993241
20230531180905.3,48.2389960438013,9.7512,1.7573,2.0107,2.0423,-0.0006,0.0006,1.5342,1.1817,1.4126,4.1978,272.49,292.262,290.976,292.285,292.892,48.2389960438013,NaN,20.8127263952754,6.38320664701178,501.267844407455,173.098980634484,28.252,272.49,292.262,292.892,292.285,292.892,-14.485893919656
20230531180905.7,48.6759983003139,9.7524,1.6919,2.0147,2.0389,-0.0006,0,0.0946,0.8674,1.4582,3.149,272.493,292.273,290.993,292.293,292.637,48.6759983003139,NaN,20.8160569315808,11.4537306797961,458.257034081962,166.55906027031,29.164,272.493,292.273,292.637,292.293,292.637,-15.4154551720702
20230531180906.1,49.125000089407,9.7569,1.7314,2.0079,2.0361,0.0017,-0.0006,-1.5027,-1.3833,1.4571,3.8914,272.499,292.273,291.018,292.316,292.721,49.125000089407,NaN,20.8285464427264,2.83383982406258,422.836366755088,170.50901217222,29.142,272.499,292.273,292.721,292.316,292.721,-21.1158515661944
20230531180906.6,49.5860014110804,9.7287,1.7122,1.9967,2.0423,-0.0006,-0.0011,-0.9502,-0.8927,1.4571,2.9175,272.47,292.262,291.029,292.285,292.755,49.5860014110804,NaN,20.7502788395474,-11.3636274677337,501.267844407455,168.589035551545,29.142,272.47,292.262,292.755,292.285,292.755,15.9082403176578
20230531180907,50.0239994376898,9.749,1.8243,2.0062,2.0451,0.0017,-0.0011,-0.2281,-0.4754,1.4565,4.0434,272.479,292.264,291.057,292.288,292.783,50.0239994376898,NaN,20.8066204120486,0.678867110129431,536.68851173433,179.798899050382,29.13,272.479,292.264,292.783,292.288,292.783,-11.972224908007
20230531180907.5,50.4649948328733,9.7484,1.9161,2.0051,2.0462,-0.0017,0,1.6407,1.9291,1.4571,3.1986,272.459,292.273,291.074,292.277,292.732,50.4649948328733,NaN,20.8049551438959,-0.715526998886162,550.603773898452,188.978787267985,29.142,272.459,292.273,292.732,292.277,292.732,-11.5525160932019
20230531180907.9,50.9109992533922,9.7501,1.7488,2.0124,2.0417,-0.0006,-0.0023,-0.4754,-0.0028,1.4453,3.1794,272.473,292.287,291.114,292.288,292.78,50.9109992533922,NaN,20.809673403662,8.53817936094492,493.67770140884,172.248990984706,28.906,272.473,292.287,292.78,292.288,292.78,-12.9022317861412
20230531180908.4,51.3720005750656,9.7439,1.6401,2,2.0462,-0.0017,0.0006,1.3349,1.3647,1.4453,3.2729,272.451,292.242,291.083,292.279,292.841,51.3720005750656,NaN,20.7924656327503,-7.18044514068652,550.603773898452,161.37912334578,28.906,272.451,292.242,292.841,292.279,292.841,-4.72420927197934
20230531180908.8,51.8249955028296,9.7439,1.6362,1.8485,2.0473,-0.0006,-0.0017,-1.5083,-0.8961,1.4785,3.0178,272.476,292.259,291.074,292.279,292.707,51.8249955028296,NaN,20.7924656327503,-199.226542882396,564.519036062582,160.989128094706,29.57,272.476,292.259,292.707,292.279,292.707,-1.75907065237469
20230531180909.3,52.2859968245029,9.7405,1.6452,1.9978,2.0355,-0.0017,0.0006,1.3461,1.278,1.4779,3.26,272.448,292.248,290.968,292.293,292.805,52.2859968245029,NaN,20.7830291132181,-9.9692333587177,415.246223756472,161.889117135647,29.558,272.448,292.248,292.805,292.293,292.805,1.05947571578385
20230531180909.7,52.7229990810156,9.7388,1.6013,1.9933,2.0451,-0.0011,-0.0006,-1.1135,-0.7226,1.4537,3.1687,272.453,292.27,290.881,292.279,292.766,52.7229990810156,NaN,20.778310853452,-15.6735728956005,536.68851173433,157.499170591499,29.074,272.453,292.27,292.766,292.279,292.766,2.15162882608681
20230531180910.2,53.1879935413599,9.74,1.8305,2.004,2.0305,-0.0017,0.0011,1.5095,1.1653,1.4537,3.8987,272.428,292.228,290.786,292.274,292.883,53.1879935413599,NaN,20.7816413897574,-2.10992110790221,351.995032101346,180.418891500808,29.074,272.428,292.228,292.883,292.274,292.883,2.32365799885444
20230531180910.7,53.6489948630333,9.7439,1.7274,2.0057,2.035,0.0017,0,-1.2442,-1.4588,1.4537,4.1533,272.434,292.256,290.705,292.296,292.861,53.6489948630333,NaN,20.7924656327503,0.045051606031393,408.921104590965,170.109017042912,29.074,272.434,292.256,292.861,292.296,292.861,-3.55014436588437
20230531180911.1,54.0900003165007,9.7394,1.7359,2.0045,2.0305,0,0.0017,1.0544,0.4664,1.4458,4.391,272.448,292.239,290.615,292.293,292.883,54.0900003165007,NaN,20.7799761216047,-1.47610560380372,351.995032101346,170.95900669269,28.916,272.448,292.239,292.883,292.293,292.883,3.05494242405165
20230531180911.6,54.5359946787357,9.7372,1.7105,2.0045,2.0378,-0.0011,0,-0.3768,-0.0389,1.4458,3.238,272.445,292.253,290.573,292.279,292.816,54.5359946787357,NaN,20.773870138378,-1.47610560380372,444.341771917832,168.419037621589,28.916,272.445,292.253,292.816,292.279,292.816,5.03472633357108
20230531180912,54.9889996647835,9.74,1.7015,2.0062,2.0282,0.0011,0,-0.2439,-0.5824,1.4458,4.1916,272.426,292.253,290.525,292.304,292.886,54.9889996647835,NaN,20.7816413897574,0.678867110129431,322.899483939986,167.519048580648,28.916,272.426,292.253,292.886,292.304,292.886,2.48284561627856
20230531180912.5,55.4570015519857,9.7557,1.7359,2.0102,2.0378,0,-0.0017,-1.0775,-0.6562,1.4458,2.9051,272.438,292.264,290.449,292.285,292.729,55.4570015519857,NaN,20.8252159064209,5.74939114291419,444.341771917832,170.95900669269,28.916,272.438,292.264,292.729,292.285,292.729,-19.8150663892266
20230531180912.9,55.9179928153753,9.745,1.7494,1.9972,2.0445,-0.0006,0.0006,1.1901,1.4836,1.4458,3.2696,272.424,292.253,290.407,292.265,292.869,55.9179928153753,NaN,20.7955186243637,-10.7298119636357,529.098368735715,172.308990254103,28.916,272.424,292.253,292.869,292.265,292.869,-6.08360676424944
20230531180913.4,56.3680004328489,9.736,1.9347,1.9983,2.0423,0.0023,-0.0006,-0.7604,-0.677,1.4453,4.0755,272.421,292.253,290.376,292.285,292.765,56.3680004328489,NaN,20.7705396020725,-9.33541785462012,501.267844407455,190.838764619264,28.906,272.421,292.253,292.765,292.285,292.765,6.59087768038628
20230531180913.8,56.8009994924068,9.731,1.6632,2.0068,2.0423,0,0.0006,1.3337,0.8809,1.4396,4.3037,272.435,292.253,290.315,292.29,292.877,56.8009994924068,NaN,20.7566623674663,1.43944571504699,501.267844407455,163.68909521753,28.792,272.435,292.253,292.877,292.29,292.877,12.4739412701557
20230531180914.3,57.2539944201708,9.7439,1.7207,1.5697,2.04,0,-0.0006,-1.2763,-0.7773,1.434,3.1372,272.446,292.28,290.292,292.294,292.741,57.2539944201708,NaN,20.7924656327503,-552.642067967469,472.172296246095,169.439025201323,28.68,272.446,292.28,292.741,292.294,292.741,4.94880392276457
20230531180914.7,57.6959956437349,9.745,1.8068,1.9967,2.04,0.0006,0.0017,1.2081,0.5942,1.4334,4.378,272.395,292.252,290.309,292.271,292.906,57.6959956437349,NaN,20.7955186243637,-11.3636274677337,472.172296246095,178.048920359662,28.668,272.395,292.252,292.906,292.271,292.906,-5.59457170489804
20230531180915.2,58.1569969654083,9.7445,1.7905,2.004,2.0395,-0.0017,0,0.7885,0.9023,1.4329,3.6486,272.443,292.275,290.3,292.294,292.861,58.1569969654083,NaN,20.794130900903,-2.10992110790221,465.847177080577,176.418940207735,28.658,272.443,292.275,292.861,292.294,292.861,-4.98052280742491
20230531180915.6,58.6019955575466,9.7456,1.7838,1.5534,2.0412,0.0017,0,-1.6936,-1.8328,1.434,4.1437,272.423,292.28,290.342,292.294,292.847,58.6019955575466,NaN,20.7971838925164,-573.304453401066,487.352582243322,175.748948366145,28.68,272.423,292.28,292.847,292.294,292.847,2.92646530408199
20230531180916.1,59.0550005435944,9.7473,1.7843,2.0034,2.044,-0.0023,0.0011,1.3523,0.7846,1.4317,4.3943,272.409,292.247,290.356,292.283,292.895,59.0550005435944,NaN,20.8019021522825,-2.87049971281976,522.7732495702,175.798947757309,28.634,272.409,292.247,292.895,292.283,292.895,-9.34318380711384
20230531180916.5,59.4969917088747,9.74,1.7471,1.9178,2.0428,0.0017,-0.0006,-1.6874,-1.3123,1.4312,3.6131,272.429,292.287,290.392,292.307,292.741,59.4969917088747,NaN,20.7816413897574,-111.379714014406,507.59296357297,172.078993054751,28.624,272.429,292.287,292.741,292.307,292.741,2.52621337404417
20230531180917,59.9379971623421,9.7535,1.7246,2.0107,2.0395,0.0011,0,-0.6027,-1.1467,1.4312,3.6278,272.429,292.287,290.409,292.304,292.775,59.9379971623421,NaN,20.8191099231942,6.38320664701178,465.847177080577,169.829020452397,28.624,272.429,292.287,292.775,292.304,292.775,-17.0516519462788
20230531180917.4,60.3869989514351,9.7524,1.7612,2.0119,2.0361,-0.0011,0.0006,1.96,1.6694,1.4312,3.9269,272.418,292.264,290.403,292.298,292.932,60.3869989514351,NaN,20.8160569315808,7.90436385684689,422.836366755088,173.488975885559,28.624,272.418,292.264,292.932,292.298,292.932,-15.3352920292992
20230531180917.8,60.8249969780445,9.7388,1.6632,2.0113,2.0259,-0.0011,-0.0017,-0.4692,0.4241,1.4413,3.0634,272.429,292.273,290.459,292.296,292.702,60.8249969780445,NaN,20.778310853452,7.14378525192933,293.803935778626,163.68909521753,28.826,272.429,292.273,292.702,292.296,292.702,4.20691783710094
20230531180918.3,61.2659923732281,9.7484,1.7128,2.0124,2.0237,0.0011,-0.0006,0.0315,-0.1183,1.4407,4.1341,272.401,292.264,290.487,292.301,292.819,61.2659923732281,NaN,20.8049551438959,8.53817936094492,265.973411450366,168.649034820941,28.814,272.401,292.264,292.819,292.301,292.819,-8.23674918066868
20230531180918.7,61.7040004581213,9.7062,1.6576,1.9972,2.0333,0,0.0011,0.7739,0.3486,1.4278,4.396,272.436,292.286,290.545,292.321,292.907,61.7040004581213,NaN,20.6878312838195,-10.7298119636357,387.41569942822,163.1291020365,28.556,272.436,292.286,292.907,292.321,292.907,46.1343057772973
20230531180919.2,62.1409926563501,9.7428,1.6272,2.0051,2.0389,-0.0017,0.0006,0.5728,0.6049,1.4278,4.3611,272.436,292.28,290.559,292.318,292.89,62.1409926563501,NaN,20.7894126411369,-0.715526998886162,458.257034081962,160.089139053764,28.556,272.436,292.28,292.89,292.318,292.89,-2.49055060324562
20230531180919.6,62.5790007412434,9.7552,1.7443,2.0096,2.0282,-0.0017,0.0011,0.0451,0.1386,1.4272,3.3022,272.425,292.297,290.579,292.318,292.876,62.5790007412434,NaN,20.8238281829603,4.98881253799573,322.899483939986,171.798996464236,28.544,272.425,292.297,292.876,292.318,292.876,-17.9721832647456
20230531180920,63.0079966038465,9.7422,1.7393,1.5213,2.022,0,-0.0011,-1.9471,-1.55,1.4638,2.9175,272.427,292.308,290.593,292.324,292.753,63.0079966038465,NaN,20.7877473729842,-613.99540876416,244.468006287621,171.299002552602,29.276,272.427,292.308,292.753,292.324,292.753,10.5317800271636
20230531180920.5,63.4540010243654,9.74,1.8243,1.9944,2.0316,0.0017,0.0006,-0.7885,-1.1462,1.4644,3.3535,272.391,292.3,290.621,292.332,292.809,63.4540010243654,NaN,20.7816413897574,-14.2791787865849,365.910294265475,179.798899050382,29.288,272.391,292.3,292.809,292.332,292.809,2.38202668263659
20230531180920.9,63.9069959521294,9.7417,1.7978,1.9922,2.0383,-0.0006,0.0017,1.8773,1.2155,1.4182,4.4197,272.421,292.308,290.634,292.341,292.972,63.9069959521294,NaN,20.7863596495236,-17.0679670046161,450.66689108335,177.148931318721,28.364,272.421,292.308,292.972,292.341,292.972,-0.76653649096649
20230531180921.4,64.3749978393316,9.7338,1.7415,1.9905,2.0282,-0.0006,-0.0017,-1.305,-0.6286,1.4453,2.8916,272.435,292.316,290.668,292.347,292.773,64.3749978393316,NaN,20.7644336188457,-19.2229397185497,322.899483939986,171.518999873721,28.906,272.435,292.316,292.773,292.347,292.773,11.1461559429473
20230531180921.9,64.8319959640503,9.749,1.7505,2.0079,2.0305,-0.0006,0,1.3213,1.5658,1.4453,3.2206,272.424,292.308,290.69,292.341,292.823,64.8319959640503,NaN,20.8066204120486,2.83383982406258,351.995032101346,172.418988914662,28.906,272.424,292.308,292.823,292.341,292.823,-9.90425427997
20230531180922.3,65.2699939906597,9.7372,1.7404,1.9989,2.0226,0.0006,-0.0017,-1.2988,-0.6871,1.456,2.9496,272.43,292.319,290.696,292.35,292.79,65.2699939906597,NaN,20.773870138378,-8.57483924970256,252.05814928624,171.409001213161,29.12,272.43,292.319,292.79,292.35,292.79,7.1199115408862
20230531180922.7,65.7109994441271,9.7417,1.5754,1.9927,2.0406,0.0017,-0.0006,-0.802,-0.9158,1.456,3.5163,272.407,292.319,290.718,292.336,292.795,65.7109994441271,NaN,20.7863596495236,-16.4341515005181,479.762439244711,154.909202129235,29.12,272.407,292.319,292.795,292.336,292.795,-1.00272856420058
20230531180923.2,66.1720007658005,9.7405,1.8908,2.004,2.0265,-0.0017,0,1.2143,1.0499,1.456,3.2572,272.442,292.331,290.762,292.335,292.935,66.1720007658005,NaN,20.7830291132181,-2.10992110790221,301.394078777241,186.448818075116,29.12,272.442,292.331,292.935,292.335,292.935,2.19262263589983
20230531180923.6,66.6139919310808,9.7315,2.0541,2.0045,2.0276,0.0011,0,-0.3503,-0.6376,1.4554,4.1809,272.417,292.317,290.757,292.338,293.005,66.6139919310808,NaN,20.7580500909269,-1.47610560380372,315.30934094137,202.778619229087,29.108,272.417,292.317,293.005,292.338,293.005,15.215755371692
20230531180924.1,67.0549973845482,9.7383,1.8925,1.9967,2.0366,-0.0006,0.0017,1.6221,1.2616,1.4458,4.3042,272.42,292.298,290.793,292.344,292.954,67.0549973845482,NaN,20.7769231299913,-11.3636274677337,429.161485920606,186.618816005072,28.916,272.42,292.298,292.954,292.344,292.954,4.09188442340259
20230531180924.5,67.5039991736412,9.7372,1.6993,1.9944,2.0395,-0.0011,-0.0011,-0.2343,0.61,1.4453,3.1378,272.445,292.34,290.813,292.349,292.697,67.5039991736412,NaN,20.773870138378,-14.2791787865849,465.847177080577,167.299051259529,28.906,272.445,292.34,292.697,292.349,292.697,5.01531953567216
20230531180925,67.9460003972054,9.7552,1.786,2.0113,2.0366,-0.0011,-0.0017,-0.4973,0.0822,1.4284,3.055,272.417,292.314,290.852,292.335,292.727,67.9460003972054,NaN,20.8238281829603,7.14378525192933,429.161485920606,175.968945687264,28.568,272.417,292.314,292.727,292.335,292.727,-19.3125700588555
20230531180925.4,68.3989953249693,9.7557,1.5956,2.0113,2.0316,0.0017,-0.0006,-0.9192,-1.0369,1.4289,4.0632,272.414,292.32,290.886,292.344,292.798,68.3989953249693,NaN,20.8252159064209,7.14378525192933,365.910294265475,156.929177532236,28.578,272.414,292.32,292.798,292.344,292.798,-18.2679189540694
20230531180925.9,68.8439939171076,9.7417,1.6452,2.013,2.0383,-0.0006,0,1.1535,1.2797,1.4295,3.2177,272.425,292.323,290.908,292.349,292.786,68.8439939171076,NaN,20.7863596495236,9.29875796586248,450.66689108335,161.889117135647,28.59,272.425,292.323,292.786,292.349,292.786,-1.1583355917789
20230531180926.3,69.3009920418262,9.7512,1.6914,1.839,2.0305,0,-0.0011,-1.5061,-1.0194,1.443,2.8877,272.408,292.328,290.925,292.366,292.781,69.3009920418262,NaN,20.8127263952754,-211.269037460259,351.995032101346,166.509060879147,28.86,272.408,292.328,292.781,292.366,292.781,-9.13404684467076
20230531180926.8,69.7580002248287,9.7479,1.7652,2.0023,2.0434,-0.0011,0,1.4238,1.3743,1.443,3.2352,272.417,292.314,290.936,292.36,292.834,69.7580002248287,NaN,20.8035674204353,-4.26489382183536,515.183106571585,173.888971014866,28.86,272.417,292.314,292.834,292.36,292.834,-9.99595648973515
20230531180927.2,70.2000014483929,9.7495,1.804,1.9302,2.0417,0,-0.0023,-1.3394,-0.7913,1.4351,2.975,272.425,292.326,290.975,292.352,292.775,70.2000014483929,NaN,20.8080081355092,-95.6610895127747,493.67770140884,177.768923769147,28.702,272.425,292.326,292.775,292.352,292.775,-10.529935028649
20230531180927.7,70.6450000405312,9.7518,1.9381,2.0074,2.0434,0,0.0011,1.5252,0.9046,1.4351,4.338,272.42,292.326,290.953,292.341,292.957,70.6450000405312,NaN,20.8143916634281,2.20002431996454,515.183106571585,191.178760479175,28.702,272.42,292.326,292.957,292.341,292.957,-16.1241770904007
20230531180928.1,71.08199223876,9.7518,1.764,2.0113,2.04,-0.0011,0,0.1453,0.7677,1.4351,3.3377,272.434,292.328,290.869,292.38,292.91,71.08199223876,NaN,20.8143916634281,7.14378525192933,472.172296246095,173.768972476074,28.702,272.434,292.328,292.91,292.38,292.91,-15.020164805186
20230531180928.6,71.5390004217625,9.7473,1.7804,2.0051,2.0451,0,0.0011,0.405,0.0163,1.4357,4.4146,272.417,292.312,290.827,292.36,292.912,71.5390004217625,NaN,20.8019021522825,-0.715526998886162,536.68851173433,175.408952506234,28.714,272.417,292.312,292.912,292.36,292.912,-9.5075576863202
20230531180929,71.9810016453266,9.7557,1.7364,2.013,2.0417,-0.0017,0.0006,0.454,0.3531,1.4357,4.4236,272.434,292.306,290.827,292.374,292.893,71.9810016453266,NaN,20.8252159064209,9.29875796586248,493.67770140884,171.009006083854,28.714,272.434,292.306,292.893,292.374,292.893,-20.3813238520771
20230531180929.4,72.4179938435555,9.7417,1.9606,2.0012,2.0344,-0.0023,0.0011,0.2264,0.2056,1.4357,3.5782,272.448,292.312,290.869,292.358,292.882,72.4179938435555,NaN,20.7863596495236,-5.65928793085141,401.33096159235,193.428733081528,28.714,272.448,292.312,292.882,292.358,292.882,-0.47518557943942
20230531180929.9,72.8789951652288,9.7557,1.7342,2.013,2.0412,0.0011,0.0017,0.0265,-0.356,1.4357,4.2057,272.417,292.306,290.88,292.355,292.845,72.8789951652288,NaN,20.8252159064209,9.29875796586248,487.352582243322,170.789008762735,28.714,272.417,292.306,292.845,292.355,292.845,-20.3058266426337
20230531180930.3,73.320996388793,9.6938,1.8682,2.0034,2.0321,-0.0006,0.0011,0.1402,-0.1481,1.4357,4.3442,272.445,292.323,290.919,292.36,292.898,73.320996388793,NaN,20.6534157419961,-2.87049971281976,372.235413430983,184.18884559453,28.714,272.445,292.323,292.898,292.36,292.898,66.1698433940697
20230531180930.8,73.7619917839766,9.7366,1.7207,2.2355,2.0288,-0.0006,-0.0023,-2.1099,-1.6672,1.425,2.8894,272.439,292.314,290.922,292.36,292.758,73.7619917839766,NaN,20.7722048702252,291.346657289495,330.489626938601,169.439025201323,28.5,272.439,292.314,292.758,292.36,292.758,2.15537850609303
20230531180931.2,74.2149967700243,9.7518,1.7933,2.0113,2.0333,-0.0011,0.0006,1.4441,0.8234,1.4255,4.0406,272.425,292.309,290.925,292.358,292.932,74.2149967700243,NaN,20.8143916634281,7.14378525192933,387.41569942822,176.69893679825,28.51,272.425,292.309,292.932,292.358,292.932,-14.2884907025634
