20230531160625.5,0,9.8004584,1.7015892,2.0056216,2.0402491,-1.122e-06,2.806e-06,0.000635894,0.000405262,1.3583446,3.6204631,273.768,292.016,292.048,292.106,291.885,0,NaN,20.9494404699007,-0.0543306650110935,475.323470614352,167.527968472031,27.166892,273.768,292.016,291.885,292.106,291.885,0.000903903701573601
20230531160626.8,1.284996047616,9.8005147,1.7271824,2.0068382,2.0377934,9.876e-06,3.479e-06,-0.00165434,-0.053719255,1.3583784,3.6410999,273.773,292.005,292.056,292.083,291.7,1.284996047616,NaN,20.9495967275623,1.4878692195598,444.258280344849,170.087257307878,27.167568,273.773,292.005,291.7,292.083,291.7,0.215312324099295
20230531160628.4,2.88299582898617,9.8004809,1.8308396,2.0096882,2.0385481,3.479e-06,2.24e-07,-0.000336914,-0.042803913,1.3583671,3.6452565,273.776,292.002,292.076,292.075,291.711,2.88299582898617,NaN,20.9495029174564,5.10061759291875,453.805415213275,180.452851087286,27.167342,273.776,292.002,291.711,292.075,291.711,0.106224956618003
20230531160629.9,4.34699915349483,9.8002669,1.6741711,2.0045966,2.0342338,-3.255e-06,-7.407e-06,0.00054095,-0.00212557,1.3583671,3.6460901,273.748,292.005,292.096,292.086,291.619,4.34699915349483,NaN,20.9489089718153,-1.35365244841205,399.228491981728,164.786191858316,27.167342,273.748,292.005,291.619,292.086,291.619,1.03857467714785
20230531160630.8,5.33999316394329,9.8002669,1.7796642,2.0025126,2.0310797,7.519e-06,6.285e-06,-0.31535126,0.001606907,1.3584009,3.6508888,273.779,292.005,292.115,292.083,291.658,5.33999316394329,NaN,20.9489089718153,-3.99539546949291,359.328375261837,175.335373402198,27.168018,273.779,292.005,291.658,292.083,291.658,1.52836278156946
20230531160631.9,6.38299696147442,9.8002894,1.7132256,2.0030421,2.0301109,-3.704e-06,1.459e-06,-0.000911419,0.017736384,1.3585586,3.6506523,273.771,292.002,292.124,292.083,291.692,6.38299696147442,NaN,20.948971419371,-3.32418485065318,347.07282436674,168.691594302699,27.171172,273.771,292.002,291.692,292.083,291.692,1.58180618932161
20230531160632.7,7.229994982481,9.8005034,1.8880526,2.0057005,2.0295026,-7.968e-06,-3.37e-07,0.089987914,0.11035477,1.3585586,3.6333498,273.751,291.974,292.143,292.072,291.829,7.229994982481,NaN,20.9495653650121,0.0456854215353815,339.377684389976,186.174081420551,27.171172,273.751,291.974,291.829,292.072,291.829,1.38267927268584
20230531160633.6,8.06999243795872,9.8001092,1.7061627,2.0055315,2.0306741,7.07e-06,-2.132e-06,0.020962775,0.02754698,1.3586037,3.6516436,273.759,291.993,292.174,292.072,291.588,8.06999243795872,NaN,20.9484712838358,-0.168544218849547,354.19743859478,167.985312903003,27.172074,273.759,291.993,291.588,292.072,291.588,1.69542211763119
20230531160634.6,9.0939961373806,9.8004021,1.7739193,2.0005638,2.0315528,1.8069e-05,6.173e-06,-0.00165434,-0.00283184,1.35866,3.6518801,273.771,291.991,292.183,292.078,291.658,9.0939961373806,NaN,20.949284212239,-6.46575477826536,365.313203016249,174.760890397609,27.1732,273.771,291.991,291.658,292.078,291.658,1.32146072411352
20230531160635.6,10.0659985095263,9.8002669,1.7888564,2.0042812,2.0322399,-1.01e-06,3.03e-06,-0.00029292,-0.10773044,1.3585924,3.6461802,273.765,291.977,292.155,292.075,291.767,10.0659985095263,NaN,20.9489089718153,-1.75346326839735,374.005181773497,176.254582209103,27.171848,273.765,291.977,291.767,292.075,291.767,1.34191503600525
20230531160636.4,10.905995965004,9.792269,1.5764506,2.0061398,2.0353039,6.734e-06,-1.235e-06,-0.019162029,-0.18522152,1.3585361,3.6374952,273.742,291.977,292.104,292.078,291.916,10.905995965004,NaN,20.9267112248839,0.602555723436126,412.765512019763,155.014260849947,27.170722,273.742,291.977,291.916,292.078,291.916,11.1247410969528
20230531160637.4,11.8829973042011,9.784778,1.7145323,2.0056554,2.0340648,-7.86e-07,1.122e-06,0.012035882,-6.8909e-05,1.357083,3.6482191,273.725,291.999,292.079,292.083,291.722,11.8829973042011,NaN,20.9059203519968,-0.0114847369341078,397.090601703785,168.822262711565,27.14166,273.725,291.999,291.722,292.083,291.722,21.8264623904535
20230531160638.2,12.7219989895821,9.8010329,1.7803514,2.0052387,2.032668,-1.12e-07,1.122e-06,0.002755807,0.017603953,1.3570266,3.6242931,273.742,291.996,292.059,292.081,291.963,12.7219989895821,NaN,20.9510349641569,-0.53970657804939,379.420748803012,175.404092565413,27.140532,273.742,291.996,291.963,292.081,291.963,0.214016666314982
20230531160639.1,13.5699927806854,9.7993432,1.8665258,2.0067481,2.0337494,-1.12e-07,2.24e-07,0.006193523,0.026928141,1.3571168,3.6229751,273.725,292.002,292.054,292.081,291.986,13.5699927806854,NaN,20.9463452914941,1.37365566572134,393.100716534183,184.021427633158,27.142336,273.725,292.002,291.986,292.081,291.986,2.40841891907157
20230531160639.9,14.3980007618666,9.8011568,1.7144872,2.0065791,2.0324202,-4.265e-06,2.581e-06,0.006291388,0.041051519,1.3571618,3.6205194,273.706,291.993,292.028,292.083,291.974,14.3980007618666,NaN,20.9513788420305,1.15942602533687,376.286019744577,168.817752766482,27.143236,273.706,291.993,291.974,292.083,291.974,0.0470738192699142
20230531160640.8,15.2419913560152,9.800909,1.7958517,2.0042248,2.0299532,3.37e-07,1.459e-06,-0.012312973,0.037489782,1.3571393,3.6208686,273.709,291.996,291.995,292.078,291.958,15.2419913560152,NaN,20.9506910862834,-1.8249576572598,345.077881781941,176.954103691114,27.142786,273.709,291.996,291.958,292.078,291.958,0.763480026603126
20230531160641.8,16.2689924240112,9.8006499,1.6206304,2.0024563,2.0286803,-1.01e-06,-6.285e-06,-0.00041612,0.00023393,1.357128,3.6475432,273.663,291.979,291.984,292.092,291.624,16.2689924240112,NaN,20.9499719679861,-4.06676309525437,328.975393410376,159.43218705339,27.14256,273.663,291.979,291.624,292.092,291.624,1.25812379545133
20230531160642.6,17.104996740818,9.8003345,1.9019757,2.0003498,2.0306967,1.4253e-05,3.704e-06,-0.47066045,-0.21823531,1.3571731,3.6396017,273.692,292.005,291.967,292.092,291.924,17.104996740818,NaN,20.9490965920271,-6.73702781401971,354.483333981058,187.566374466766,27.143462,273.692,292.005,291.924,292.092,291.924,1.58470134993788
20230531160643.5,17.9489973932505,9.7866254,1.7482472,1.9994374,2.0320259,7.632e-06,-1.235e-06,-0.10727271,-0.13108021,1.3572745,3.6364927,273.672,291.999,291.964,292.081,291.946,17.9489973932505,NaN,20.9110477126391,-7.89361434589773,371.298030770657,172.193711657836,27.14549,273.672,291.999,291.946,292.081,291.946,19.9317971878706
20230531160644.6,19.046999886632,9.7871887,1.7157601,2.0031434,2.0322061,-8.98e-07,3.142e-06,-0.000823543,-0.000735106,1.3572407,3.6358844,273.615,291.982,291.989,292.103,291.804,19.046999886632,NaN,20.9126111218899,-3.1957738295232,373.577603717906,168.945041216506,27.144814,273.615,291.982,291.804,292.103,291.804,18.8905219897117
20230531160645.4,19.8939979076385,9.8001768,1.7563916,2.0013524,2.0347745,-6.846e-06,8.98e-07,0.055209915,0.087733996,1.3572181,3.6262081,273.649,291.999,292.02,292.106,291.927,19.8939979076385,NaN,20.9486589040477,-5.46610096520226,406.068475847318,173.008141740619,27.144362,273.649,291.999,291.927,292.106,291.927,1.18556118458979
20230531160646.2,20.737998560071,9.8005485,1.968527,2.0004399,2.0336931,9.203e-06,-1.908e-06,-0.046516134,-0.01606931,1.3573083,3.6412013,273.621,291.988,292.042,292.086,291.888,20.737998560071,NaN,20.9496905376683,-6.62281426018126,392.388508116142,194.221423429033,27.146166,273.621,291.988,291.888,292.086,291.888,0.890555046196561
20230531160647.2,21.6759938746691,9.787673,1.8207465,2.0029294,2.032285,-1.0101e-05,-1.122e-06,0.11994921,-0.00186128,1.3573195,3.6497849,273.584,291.982,292.062,292.089,291.661,21.6759938746691,NaN,20.9139552708338,-3.46704686527664,374.575707522225,179.443553377384,27.14639,273.584,291.982,291.661,292.089,291.661,18.7972784026476
20230531160648.2,22.6559925824404,9.8005147,1.6467079,2.0052274,2.0310008,1.908e-06,5.611e-06,-0.07590602,0.001208828,1.3573083,3.6509226,273.601,292.013,292.101,292.103,291.759,22.6559925824404,NaN,20.9495967275623,-0.554030808442349,358.330271457526,162.039905299518,27.146166,273.601,292.013,291.759,292.103,291.759,1.09691370838557
20230531160649.1,23.5859915614128,9.8005147,1.8817781,2.007593,2.0323751,-1.1672e-05,-2.245e-06,-0.00315686,0.087204271,1.3573871,3.6522856,273.548,291.985,292.121,292.097,291.596,23.5859915614128,NaN,20.9495967275623,2.44467710454637,375.715493995849,185.546639060842,27.147742,273.548,291.985,291.596,292.097,291.596,0.93677735644849
20230531160649.9,24.4259990751743,9.8003457,1.856444,2.0024563,2.0320259,1.7059e-05,4.826e-06,-0.64357445,-0.10545261,1.3573984,3.6332822,273.579,291.996,292.107,292.097,291.93,24.4259990751743,NaN,20.9491276770327,-4.06676309525437,371.298030770657,183.013259909495,27.147968,273.579,291.996,291.93,292.097,291.93,1.32586070617545
20230531160650.8,25.2619933336973,9.8002444,1.8295103,2.0025014,2.0308882,8.193e-06,0,-0.15836062,-0.060215442,1.357466,3.6298578,273.528,292.007,292.099,292.103,291.969,25.2619933336973,NaN,20.9488465242595,-4.00959293678488,356.905854621451,180.319922705939,27.14932,273.528,292.007,291.969,292.103,291.969,1.60617562662114
20230531160651.6,26.1209908872843,9.7935982,1.6474739,2.0034476,2.0320484,-1.122e-06,-7.407e-06,0.53895757,0.11367375,1.3577363,3.6482078,273.494,292.005,292.082,292.109,291.753,26.1209908872843,NaN,20.9304003489316,-2.81016047682988,371.582661133103,162.11650436678,27.154726,273.494,292.005,291.753,292.109,291.753,10.0967836543338
20230531160652.5,26.9719921052456,9.7996135,1.7501172,2.0050359,2.0348758,1.3692e-05,7.86e-07,-0.12056145,-0.026012317,1.3579053,3.6481177,273.497,292.01,292.079,292.089,291.809,26.9719921052456,NaN,20.9470954947969,-0.796782146511305,407.349944990248,172.380709380787,27.158106,273.497,292.01,291.809,292.089,291.809,1.85557916635577
20230531160653.3,27.8279922902584,9.8000979,1.7539809,2.0073339,2.0344253,8.642e-06,5.836e-06,-0.34957289,-0.069134212,1.358063,3.6234482,273.466,292.041,292.073,292.111,291.941,27.8279922902584,NaN,20.9484399212856,2.11623391032253,401.651012622122,172.767074676064,27.16126,273.466,292.041,291.941,292.111,291.941,1.20891127729316
20230531160654.3,28.7649918347597,9.8003457,1.9093427,2.0090348,2.0332537,-4.265e-06,-9.315e-06,0.71797032,-0.0008491,1.3583671,3.6330232,273.426,292.021,292.065,292.092,291.832,28.7649918347597,NaN,20.9491276770327,4.27234749216314,386.82999339349,188.303065496168,27.167342,273.426,292.021,291.832,292.092,291.832,1.03165086346537
20230531160655.1,29.6009961515665,9.7999853,1.6907414,2.0086406,2.0334452,2.166e-05,5.724e-06,-0.4667512,-0.36013551,1.3589078,3.650641,273.437,292.021,292.07,292.1,291.756,29.6009961515665,NaN,20.9481274059622,3.77264734873279,389.252514033884,166.443201681106,27.178156,273.437,292.021,291.756,292.1,291.756,1.43418768576998
20230531160656.1,30.5699910968542,9.8005034,1.6345196,2.0054752,2.0363966,9.091e-06,-1.235e-06,0.11384852,-0.000956086,1.3595274,3.644851,273.372,292.033,292.099,292.097,291.703,30.5699910968542,NaN,20.9495653650121,-0.23991184461147,426.588427444072,160.821090140884,27.190548,273.372,292.033,291.703,292.097,291.703,0.427128138718594
20230531160656.9,31.4139917492867,9.7851047,1.8143482,2.0021634,2.0328032,-5.275e-06,1.235e-06,0.4797609,0.087699653,1.3603272,3.6480952,273.358,292.002,292.115,292.095,291.557,31.4139917492867,NaN,20.906827090506,-4.43805221755474,381.131061025364,178.803731168422,27.206544,273.358,292.002,291.557,292.095,291.557,22.2534295164912
20230531160657.9,32.4219927191734,9.7655043,1.7313165,2.0025577,2.0321047,1.1111e-05,-4.49e-07,0.001076733,0.032320349,1.361341,3.6405366,273.327,292.03,292.138,292.109,291.717,32.4219927191734,NaN,20.8524272206709,-3.93822531102342,372.294869551144,170.500662273895,27.22682,273.327,292.03,291.717,292.109,291.717,48.1682623225851
20230531160659.1,33.6009945720434,9.7914467,1.8201269,2.0025915,2.0365655,2.166e-05,5.275e-06,0.00056907,-0.054250215,1.3622985,3.6356365,273.319,292.035,292.183,292.103,291.829,33.6009945720434,NaN,20.9244289748805,-3.89537938294643,428.725052698184,179.381594131854,27.24597,273.319,292.035,291.829,292.103,291.829,13.012036919194
20230531160659.9,34.4409920275211,9.8010667,1.5803594,2.0025126,2.0369598,-3.479e-06,3.367e-06,0.3117787,0.084886042,1.3627829,3.6410999,273.248,292.027,292.169,292.097,291.529,34.4409920275211,NaN,20.9511287742629,-3.99539546949291,433.713041672108,155.405136090306,27.255658,273.248,292.027,291.529,292.097,291.529,-0.314715374267897
20230531160700.8,35.292999073863,9.7585315,1.7796755,2.0035152,2.0385594,7.968e-06,9.427e-06,-0.50672079,-0.079084357,1.3626927,3.6413139,273.257,292.007,292.017,292.106,291.778,35.292999073863,NaN,20.8330745843784,-2.72446862067591,453.948362906416,175.336503388438,27.253854,273.257,292.007,291.778,292.106,291.778,57.479273955629
20230531160701.7,36.1479934304953,9.797248,1.7574842,2.0059258,2.0389874,1.2233e-05,1.908e-06,-0.40450248,-0.079931016,1.3628054,3.6349043,273.245,292.027,291.942,292.097,291.941,36.1479934304953,NaN,20.9405301751047,0.331282687681778,459.362664912096,173.117400410189,27.256108,273.245,292.027,291.941,292.097,291.941,4.51900574658727
20230531160703.3,37.7649933099747,9.8006611,1.8108787,2.006872,2.0383228,-1.4141e-05,-2.918e-06,0.72234292,0.00184328,1.3630645,3.6469913,273.149,292.019,291.768,292.117,291.75,37.7649933099747,NaN,20.9500030529916,1.53071514763724,450.955316517295,178.456785393139,27.26129,273.149,292.019,291.75,292.117,291.75,-0.0520508663457521
20230531160704.2,38.6719990521669,9.8004696,1.7113894,2.004146,2.0338733,-1.908e-06,4.04e-06,0.13297304,0.22873403,1.3646079,3.6464956,273.118,292.007,291.715,292.095,291.56,38.6719990521669,NaN,20.9494715549062,-1.9248469807053,394.668081063399,168.50797653859,27.292158,273.118,292.007,291.56,292.095,291.56,0.833772311538546
20230531160705,39.5119965076447,9.7565827,1.741128,2.0046754,2.0318457,1.7396e-05,2.469e-06,-0.29038316,-0.18767661,1.366185,3.6552933,273.138,292.047,291.72,292.106,291.594,39.5119965076447,NaN,20.8276657934183,-1.25376312496655,369.018457823404,171.481800326695,27.3237,273.138,292.047,291.594,292.106,291.594,60.2996259505333
20230531160705.9,40.3469949960709,9.8006724,1.7526404,2.0046529,2.0307755,2.1436e-05,5.724e-06,-0.51844627,-0.55054904,1.3670185,3.645662,273.098,292.033,291.74,292.12,291.862,40.3469949960709,NaN,20.9500344155418,-1.28228482265104,355.480172761541,172.633026308354,27.34037,273.098,292.033,291.862,292.12,291.862,0.958828989045099
20230531160706.8,41.3159999996424,9.7894303,1.6706678,2.0053626,2.0290633,7.183e-06,-5.61e-07,0.001103893,-0.19338527,1.3688885,3.6477235,273.025,292.024,291.751,292.125,291.666,41.3159999996424,NaN,20.9188325637085,-0.382647096133951,333.820434691155,164.43586612419,27.37777,273.025,292.024,291.666,292.125,291.666,16.0104040683426
20230531160707.8,42.2539953142405,9.8011117,1.8102816,2.0034363,2.0322287,-1.1784e-05,-5.61e-07,-0.00081874,0.21204884,1.3717046,3.6533783,272.997,292.044,291.768,292.111,291.636,42.2539953142405,NaN,20.9512536693743,-2.82448470722193,373.863499104191,178.397076120212,27.434092,272.997,292.044,291.636,292.111,291.636,0.204108270040755
20230531160708.6,43.1049965322018,9.8009202,1.8365282,2.0062637,2.0359122,-7.519e-06,2.469e-06,0.17986948,0.19366882,1.3754783,3.6409309,272.96,292.033,291.835,292.117,291.79,43.1049965322018,NaN,20.9507221712889,0.75961520535111,420.460651996524,181.021704160431,27.509566,272.96,292.033,291.79,292.117,291.79,-0.0790511068222649
20230531160709.5,43.9649999141693,9.7908497,1.6405687,2.0092038,2.0383228,1.4814e-05,2.581e-06,-0.510765,-0.3591492,1.3792069,3.636549,272.963,292.061,291.863,292.111,291.938,43.9649999141693,NaN,20.9227720330685,4.48657713254852,450.955316517295,161.425992775057,27.584138,272.963,292.061,291.938,292.111,291.938,12.7521896582116
20230531160710.3,44.8079947382212,9.7927984,1.7346396,2.0116144,2.0396971,-1.4253e-05,-2.245e-06,0.51152754,0.41575862,1.3823159,3.6438372,272.878,292.024,291.916,292.111,291.739,44.8079947382212,NaN,20.928180546484,7.5423284409062,468.340539055629,170.832968227446,27.646318,272.878,292.024,291.739,292.111,291.739,10.2671501797
20230531160711.2,45.6559985876083,9.7818718,1.7460281,2.0099247,2.0380863,1.571e-06,-2.132e-06,0.30448879,0.35775521,1.3842872,3.6550117,272.87,292.019,291.939,292.109,291.554,45.6559985876083,NaN,20.8978543481543,5.40041232635713,447.963535152005,171.971804359975,27.685744,272.87,292.019,291.554,292.109,291.554,25.3066986224852
20230531160712,46.4999992400408,9.8009878,1.7487429,1.941751,2.0351011,1.5712e-05,1.2233e-05,-0.73649183,-0.52325972,1.3803784,3.6334062,272.878,292.03,291.972,292.111,291.893,46.4999992400408,NaN,20.9509097915008,-81.0186837371011,410.200043686229,172.243281054236,27.607568,272.878,292.03,291.893,292.111,291.893,1.31343757185605
20230531160712.8,47.3399966955185,9.8011793,1.8135033,2.0059483,2.0323413,-3.928e-06,-5.499e-06,0.5838848,0.41044582,1.3791167,3.6559241,272.819,292.027,292.009,292.1,291.571,47.3399966955185,NaN,20.9514412895862,0.35980438536626,375.287915940266,178.719242197234,27.582334,272.819,292.027,291.571,292.1,291.571,0.0414693945191921
20230531160713.7,48.1799941509962,9.8004922,1.7667325,2.0082576,2.031688,6.734e-06,-2.24e-07,0.12126439,0.11811652,1.3752755,3.6580756,272.779,292.041,292.037,292.072,291.554,48.1799941509962,NaN,20.9495342800066,3.28714467259351,367.023515238601,174.042219148782,27.50551,272.779,292.041,291.554,292.072,291.554,1.01183169143719
20230531160714.5,49.0309953689575,9.8012469,1.6171947,1.9347332,2.0349209,2.6374e-05,6.06e-06,-0.75413964,-0.7054609,1.3733605,3.645279,272.777,292.03,292.076,292.106,291.89,49.0309953689575,NaN,20.9516289097981,-89.9146646264198,407.920470738976,159.08862123695,27.46721,272.777,292.03,291.89,292.106,291.89,1.09219613797221
20230531160715.4,49.8709928244352,9.7898133,1.8754474,2.0063764,2.0347407,-4.377e-06,-5.05e-06,0.66389975,0.35476926,1.3651824,3.6490189,272.689,292.027,292.09,292.103,291.582,49.8709928244352,NaN,20.9198955598794,0.902477219975481,405.640897791727,184.913576769565,27.303648,272.689,292.027,291.582,292.103,291.582,15.6652566870518
20230531160716.5,50.9839922189713,9.8001655,1.825793,2.0065228,2.0340873,1.3917e-05,1.347e-06,0.001430706,0.001164834,1.3654866,3.6458873,272.692,292.019,292.115,292.123,291.823,50.9839922189713,NaN,20.9486275414974,1.08805839957495,397.375232066235,179.948197232396,27.309732,272.692,292.019,291.823,292.123,291.823,1.20215534695999
20230531160717.3,51.8279928714037,9.8016637,1.6576234,2.0082576,2.035608,4.601e-06,2.24e-07,0.10560249,0.046274936,1.3670636,3.6497511,272.613,292.021,292.127,292.106,291.552,51.8279928714037,NaN,20.9527857160749,3.28714467259351,416.612449496224,163.131442008006,27.341272,272.613,292.021,291.552,292.106,291.552,-1.05905919291165
20230531160718.4,52.8510008007288,9.7882137,1.6957654,1.9347557,2.0354729,2.3456e-05,6.06e-06,-0.00102005,-0.00408019,1.3681675,3.656217,272.627,292.044,292.197,292.114,291.633,52.8510008007288,NaN,20.9154559549841,-89.8861429287354,414.903402297703,166.945595563516,27.36335,272.627,292.044,291.633,292.114,291.633,18.422394815024
20230531160719.3,53.8079962134361,9.8010329,1.7982736,2.0045065,2.0324314,9.091e-06,-1.571e-06,0.001474701,-0.15956511,1.3683365,3.6475545,272.553,292.024,292.188,292.086,291.678,53.8079962134361,NaN,20.9510349641569,-1.4678660022505,376.42770241389,177.196290742031,27.36673,272.553,292.024,291.678,292.086,291.678,0.261946794268734
20230531160720.2,54.6519968658686,9.801292,1.8274489,2.0021409,2.0323864,-8.754e-06,3.37e-07,0.071339639,0.18968984,1.3642249,3.6371122,272.508,292.035,292.219,292.111,291.879,54.6519968658686,NaN,20.9517540824542,-4.46657391523922,375.858441688993,180.113785216051,27.284498,272.508,292.035,291.879,292.111,291.879,-0.0372594141823124
20230531160721,55.4879911243916,9.8011568,1.6571728,2.003977,2.0359122,4.938e-06,-4.714e-06,0.11729934,0.30818098,1.3635153,3.6539866,272.466,292.044,292.213,292.109,291.616,55.4879911243916,NaN,20.9513788420305,-2.13907662109068,420.460651996524,163.08638255669,27.270306,272.466,292.044,291.616,292.109,291.616,-0.339641277782709
20230531160721.8,56.3399981707335,9.8009428,1.8312,2.004912,2.0348984,-2.581e-06,2.357e-06,0.11592811,0.28599068,1.3634815,3.6469012,272.421,292.041,292.247,292.106,291.566,56.3399981707335,NaN,20.9507848963893,-0.953841628427199,407.63584037653,180.488890648437,27.26963,272.421,292.041,291.566,292.106,291.566,0.0536059105605714
20230531160722.7,57.1989957243204,9.7592975,1.8012362,2.00534,2.0338846,4.714e-06,9.091e-06,-0.10627985,-0.19013281,1.3640447,3.6428684,272.424,292.038,292.264,292.109,291.77,57.1989957243204,NaN,20.8352005767201,-0.411295556919413,394.811028756536,177.492547134552,27.280894,272.424,292.038,291.77,292.109,291.77,57.344772754081
20230531160723.6,58.0429963767529,9.7857243,1.7004402,2.0065904,2.0355292,1.347e-06,1.908e-06,0.10938745,0.22830667,1.3649571,3.6489738,272.376,292.033,292.253,292.128,291.538,58.0429963767529,NaN,20.9085467574184,1.17375025572892,415.61561071574,167.413069871138,27.299142,272.376,292.033,291.538,292.128,291.538,20.2591365191895
20230531160724.4,58.8869970291853,9.7607732,1.6914511,2.0038869,2.0373315,1.8967e-05,1.796e-06,-0.081382703,-0.22278674,1.3674015,3.6555186,272.35,292.047,292.278,292.12,291.613,58.8869970291853,NaN,20.8392963037418,-2.25329017492913,438.415135259751,166.514170816923,27.34803,272.35,292.047,291.613,292.12,291.613,53.1791547292969
20230531160725.3,59.8079938441515,9.8002106,1.8142806,2.0012059,2.0364304,1.0774e-05,1.0886e-05,-0.00189952,-0.48381643,1.3718511,3.6520603,272.294,292.033,292.289,292.114,291.655,59.8079938441515,NaN,20.9487527141536,-5.6518089079027,427.016005499663,178.796971250737,27.437022,272.294,292.033,291.655,292.114,291.655,0.942614901152436
20230531160726.2,60.6439981609583,9.8005147,1.751345,2.0024112,2.0376695,-7.968e-06,-6.73e-07,0.7054238,0.4049092,1.3732366,3.6476671,272.265,292.044,292.292,292.103,291.571,60.6439981609583,NaN,20.9495967275623,-4.12393325372386,442.690915815634,172.503487885728,27.464732,272.265,292.044,291.571,292.103,291.571,0.327354513308509
20230531160727.1,61.546990647912,9.7708212,1.692386,2.0014087,2.0389874,0,5.275e-06,0.16347108,0.19255767,1.3748587,3.6463492,272.232,292.033,292.314,292.1,291.535,61.546990647912,NaN,20.8671839944064,-5.39473333944079,459.362664912096,166.607659678521,27.497174,272.232,292.033,291.535,292.1,291.535,39.6762176316726
20230531160727.9,62.3979918658733,9.755997,1.8340612,2.0030083,2.0408799,1.9416e-05,3.704e-06,-0.30106612,-0.25026729,1.3768863,3.6530967,272.232,292.044,292.337,292.111,291.692,62.3979918658733,NaN,20.8260402141566,-3.36703077873017,483.303240953566,180.775007164431,27.537726,272.232,292.044,291.692,292.111,291.692,61.5166984739965
20230531160728.7,63.2259998470545,9.8006273,1.841417,2.0025802,2.0412629,1.9191e-05,3.479e-06,-0.32550114,-0.41401129,1.371209,3.648512,272.189,292.041,292.367,292.114,291.801,63.2259998470545,NaN,20.9499092428857,-3.90970361333893,488.148282234346,181.51057820747,27.42418,272.189,292.041,291.801,292.114,291.801,-0.301902387643334
20230531160729.6,64.0700004994869,9.801292,1.7267656,2.0006202,2.0378384,4.938e-06,5.275e-06,-0.21824543,-0.31031177,1.3722228,3.6235721,272.113,292.027,292.384,292.106,291.944,64.0700004994869,NaN,20.9517540824542,-6.39426038940292,444.82754106975,170.045577815404,27.444456,272.113,292.027,291.944,292.106,291.944,-0.704737705513115
20230531160730.6,65.0539923459291,9.8009202,1.8851237,1.9982997,2.0363966,3.479e-06,-4.377e-06,-4.7024e-05,-0.10296758,1.3722003,3.6481628,272.056,292.024,292.398,292.125,291.697,65.0539923459291,NaN,20.9507221712889,-9.33579814392215,426.588427444072,185.881194986994,27.444006,272.056,292.024,291.697,292.125,291.697,0.0315220392134198
20230531160731.5,66.0039972513914,9.8011906,1.6350153,1.9968803,2.0355067,-1.1111e-05,-9.091e-06,0.00260354,0.61905688,1.3726283,3.6401199,272.025,292.013,292.415,292.123,291.865,66.0039972513914,NaN,20.9514726521364,-11.1350735969559,415.330980353294,160.870659537283,27.452566,272.025,292.013,291.865,292.123,291.865,-0.184021029144258
20230531160732.5,66.9959954917431,9.8007738,1.973765,2.0015889,2.0343689,3.928e-06,7.519e-06,-0.27882188,0.002050777,1.3637518,3.651576,272.006,292.027,292.429,292.095,291.75,66.9959954917431,NaN,20.9503158458596,-5.16630623176388,400.937539180253,194.745217050861,27.275036,272.006,292.027,291.75,292.095,291.75,0.447656101548109
20230531160733.3,67.8319998085499,9.801292,1.7834493,1.9995726,2.0372639,2.245e-06,7.183e-06,-0.26097948,-0.039621077,1.3638419,3.6379345,271.955,292.024,292.446,292.128,291.871,67.8319998085499,NaN,20.9517540824542,-7.72223063358933,437.559979148573,175.713878793183,27.276838,271.955,292.024,291.871,292.128,291.871,-0.619142792511594
20230531160734.2,68.6869941651821,9.8012582,1.7320037,1.9988178,2.0391789,-7.968e-06,-5.61e-07,0.54941452,0.10381366,1.3653063,3.6492667,271.901,292.027,292.463,292.109,291.574,68.6869941651821,NaN,20.9516602723483,-8.67903851857591,461.78518555249,170.56938143711,27.306126,271.901,292.027,291.574,292.109,291.574,-0.795355944050594
20230531160735,69.5229984819889,9.7824237,1.6485666,1.9716248,2.0351575,1.5375e-05,1.1111e-05,-0.70546203,-0.11169557,1.3676043,3.6308266,271.912,292.041,292.477,292.111,291.927,69.5229984819889,NaN,20.8993861173102,-43.1497285244523,410.913517128098,162.225773036229,27.352086,271.912,292.041,291.927,292.111,291.927,25.0288372995214
20230531160736,70.5189999192953,9.8010779,1.8945523,1.9993135,2.0355179,9.427e-06,-1.459e-06,0.00116663,-0.006433697,1.3676832,3.6453354,271.85,292.019,292.479,292.097,291.711,70.5189999192953,NaN,20.9511598592684,-8.05067382781317,415.4726630226,186.824043506041,27.353664,271.85,292.019,291.711,292.097,291.711,-0.0950458345969316
20230531160736.9,71.3549941778183,9.7995572,1.8207127,2.0014312,2.0377708,5.836e-06,3.03e-06,-0.085644501,-0.044765687,1.3678521,3.6337779,271.85,292.038,292.446,292.114,291.958,71.3549941778183,NaN,20.9469392371353,-5.36621164175631,443.972384958572,179.440173418541,27.357042,271.85,292.038,291.958,292.114,291.958,1.66556390247619
20230531160737.7,72.2069911658764,9.7915931,1.7585206,2.0001133,2.0381313,-4.49e-07,2.357e-06,0.000592237,0.013451328,1.367593,3.6256899,271.785,292.024,292.418,292.109,291.969,72.2069911658764,NaN,20.9248353003098,-7.03682254745763,448.532795876905,173.221039148193,27.35186,271.785,292.024,291.969,292.109,291.969,12.43100110098
20230531160738.7,73.2149921357632,9.8011117,1.9684369,1.9990882,2.0378384,-8.978e-06,-1.0213e-05,0.00213119,0.00163073,1.3668496,3.649661,271.703,292.03,292.415,292.111,291.582,73.2149921357632,NaN,20.9512536693743,-8.33627109395957,444.82754106975,194.212413538746,27.336992,271.703,292.03,291.582,292.111,291.582,-0.459527325467118
20230531160739.6,74.0579970180988,9.7846767,1.7706863,1.9986376,2.0343915,4.153e-06,1.235e-06,0.10618185,0.32148211,1.3662526,3.6492893,271.701,292.027,292.409,292.117,291.554,74.0579970180988,NaN,20.9056391992237,-8.90746562625282,401.223434566531,174.437594334346,27.325052,271.701,292.027,291.554,292.117,291.554,22.4225212820702
20230531160740.4,74.8939912766218,9.7869183,1.6844445,1.9992909,2.0353377,1.6834e-05,2.357e-06,-0.17972878,-0.11124606,1.3658583,3.6579743,271.678,292.038,292.418,292.114,291.552,74.8939912766218,NaN,20.9118606410424,-8.07932228859818,413.19309007535,165.813519348672,27.317166,271.678,292.038,291.552,292.114,291.552,18.7517797008311
20230531160741.5,76.019000262022,9.8008864,1.7745839,1.9988066,2.0371851,7.407e-06,5.05e-06,0.001298949,0.001201533,1.3638194,3.6577264,271.621,292.021,292.421,292.109,291.538,76.019000262022,NaN,20.950628361183,-8.69323598586789,436.563140368085,174.827349588343,27.276388,271.621,292.021,291.538,292.109,291.538,-0.0370470599668232
20230531160742.4,76.8709972500801,9.8012469,1.8269645,1.9981419,2.0392127,5.611e-06,7.407e-06,-0.011441621,0.003596633,1.3633688,3.6394102,271.596,292.027,292.421,292.106,291.552,76.8709972500801,NaN,20.9516289097981,-9.53583031701555,462.21276360808,180.065345805892,27.267376,271.596,292.027,291.552,292.106,291.552,-0.791365594104453
20230531160743.4,77.8899919241667,9.7532033,1.6706678,1.9770656,2.0382214,2.7496e-05,8.081e-06,-0.00045773,-0.00403971,1.3631998,3.6560368,271.554,292.016,292.409,292.092,291.608,77.8899919241667,NaN,20.8182864480927,-36.2528017350592,449.672582350529,164.43586612419,27.263996,271.554,292.016,291.608,292.092,291.608,63.2901370808757
20230531160744.2,78.7299994379282,9.8009991,1.7384808,2.0012735,2.0350448,1.257e-05,2.694e-06,-0.30035085,-0.36328113,1.3629743,3.6443554,271.525,292.033,292.39,292.12,291.879,78.7299994379282,NaN,20.950941154051,-5.56611705174873,409.487835268195,171.217083550119,27.259486,271.525,292.033,291.879,292.12,291.879,0.0347674873346925
20230531160745.1,79.5699968934059,9.7885179,1.8841099,2.0047881,2.0336142,-1.0437e-05,-3.37e-07,0.32806691,0.19215955,1.3625688,3.6390722,271.475,292.005,292.384,292.117,291.837,79.5699968934059,NaN,20.9163002459376,-1.11090111034309,391.390404311827,185.779816221471,27.251376,271.475,292.005,291.837,292.117,291.837,17.7069209105295
20230531160745.9,80.421993881464,9.801506,1.8144158,2.0073902,2.0347632,7.744e-06,1.235e-06,-0.26478412,-0.14100068,1.362535,3.6322459,271.452,292.005,292.339,292.12,291.966,80.421993881464,NaN,20.9523480280954,2.18760153608446,405.925528154174,178.810491086107,27.2507,271.452,292.005,291.966,292.12,291.966,-0.760432825752586
20230531160747,81.5269969403744,9.7985885,1.8043339,2.0089898,2.0356869,1.571e-06,-3.03e-06,-0.000335904,-8.0581e-05,1.3627941,3.6235721,271.404,292.019,292.275,292.128,291.952,81.5269969403744,NaN,20.9442506617026,4.21530409679508,417.610553300543,177.802313362566,27.255882,271.404,292.019,291.952,292.128,291.952,3.10193764611458
20230531160748,82.5389910489321,9.8016186,1.7259884,2.0076605,2.0359347,-1.2121e-05,-6.734e-06,0.00079962,0.00015408,1.3631321,3.6424967,271.336,291.979,292.236,292.131,291.711,82.5389910489321,NaN,20.9526605434187,2.53024219759982,420.74528235897,169.96785876178,27.262642,271.336,291.979,291.711,292.131,291.711,-1.04974400848692
20230531160748.9,83.3979986608028,9.764344,1.6870579,2.0075254,2.0341436,1.8967e-05,4.489e-06,-0.64326855,-0.35293893,1.3629969,3.638464,271.37,292.01,292.149,292.117,291.946,83.3979986608028,NaN,20.8492068696082,2.3589852483924,398.087440484273,166.074856166405,27.259938,271.37,292.01,291.946,292.117,291.946,48.696343453106
20230531160749.8,84.2419993132353,9.794398,1.7772874,2.0085279,2.0356869,-1.1784e-05,-7.86e-07,0.4075521,0.36019905,1.3634251,3.6432064,271.274,291.988,292.135,292.103,291.748,84.2419993132353,NaN,20.9326201513792,3.62978533410887,417.610553300543,175.097696296364,27.268502,271.274,291.988,291.748,292.103,291.748,8.81333289617059
20230531160750.6,85.0969936698675,9.7883264,1.7403845,2.007424,2.0379173,-2.806e-06,1.796e-06,0.30409854,0.40662315,1.3637518,3.6483656,271.263,291.991,292.124,292.092,291.574,85.0969936698675,NaN,20.9157687478522,2.23044746416099,445.825644874069,171.407451232035,27.275036,271.263,291.991,291.574,292.092,291.574,16.6614399463022
20230531160751.5,85.9489906579256,9.7604127,1.7379289,1.9246063,2.0360924,1.8069e-05,1.358e-05,-0.80192422,-0.51860371,1.362321,3.6308941,271.288,291.996,292.096,292.103,291.904,85.9489906579256,NaN,20.8382957551267,-102.751837083321,422.740224943773,171.161894222153,27.24642,271.288,291.996,291.904,292.103,291.904,56.2378430784085
20230531160752.6,87.053993716836,9.8015285,1.8243962,2.0076943,2.0356531,-5.61e-07,5.05e-06,-0.000159254,-0.000512554,1.3624674,3.645279,271.187,291.982,291.984,292.089,291.731,87.053993716836,NaN,20.9524104756511,2.57308812567635,417.182975244959,179.808518933242,27.249348,271.187,291.982,291.731,292.089,291.731,-0.918393990088334
20230531160753.6,88.094000145793,9.8019678,1.7246929,2.0048669,2.0371288,-7.856e-06,-4.265e-06,0.00056907,0.00025304,1.3625012,3.6426431,271.141,291.979,291.86,292.078,291.703,88.094000145793,NaN,20.9536297294836,-1.01101178689669,435.850931950052,169.838310339275,27.250024,271.141,291.979,291.703,292.078,291.703,-1.61380328535899
20230531160754.5,88.9449913054705,9.7646031,1.7097673,2.0023099,2.0377145,2.1773e-05,7.183e-06,-0.68493856,-0.42523632,1.3626815,3.6430937,271.156,291.993,291.765,292.089,291.924,88.9449913054705,NaN,20.8499259879055,-4.25234427485429,443.260176540531,168.345768513778,27.25363,271.156,291.993,291.924,292.089,291.924,48.3421599557965
20230531160755.3,89.8039989173412,9.7902414,1.791819,2.006658,2.0361938,-1.055e-05,0,0.40047699,0.304608,1.3630307,3.6409872,271.071,291.988,291.695,292.086,291.798,89.8039989173412,NaN,20.9210837287063,1.25944211188289,424.022959110542,176.550838601624,27.260614,271.071,291.988,291.798,292.086,291.798,14.5223477329546
20230531160756.2,90.6519927084446,9.7998163,1.7177765,2.0046867,2.0377934,-8.98e-07,-5.61e-07,0.33563575,0.39492575,1.3631095,3.6502693,271.065,291.985,291.656,292.089,291.563,90.6519927084446,NaN,20.9476583554325,-1.2394388945736,444.258280344849,169.14667876119,27.26219,271.065,291.985,291.563,292.089,291.563,1.19862506816795
20230531160757,91.495993360877,9.76894,1.7876285,1.9262284,2.0353152,1.6498e-05,1.3243e-05,-0.77434032,-0.5365754,1.3628842,3.6331245,271.059,291.988,291.676,292.075,291.91,91.495993360877,NaN,20.8619628236582,-100.695612824926,412.9084597129,176.131793704284,27.257684,271.059,291.988,291.91,292.075,291.91,45.4730418288303
20230531160757.8,92.3399940133095,9.8016412,1.7111191,2.0027942,2.0371288,-9.54e-06,-1.122e-06,0.61854515,0.48645702,1.3629969,3.6474531,270.995,291.985,291.737,292.089,291.574,92.3399940133095,NaN,20.9527232685191,-3.63843057758504,435.850931950052,168.480946867727,27.259938,270.995,291.985,291.574,292.089,291.574,-1.12571118322947
20230531160759,93.4490002691746,9.7605028,1.8739492,2.0024563,2.0343915,1.2458e-05,4.49e-07,0.001121513,0.001519368,1.3634026,3.6487598,270.986,291.996,291.818,292.095,291.784,93.4490002691746,NaN,20.8385458228943,-4.06676309525437,401.223434566531,184.763758593883,27.268052,270.986,291.996,291.784,292.095,291.784,56.8228132015413
20230531160759.8,94.293000921607,9.80172,1.7542287,2.0055991,2.0331298,3.37e-07,4.489e-06,0.006336506,0.024277491,1.3634251,3.6427332,270.932,291.974,291.872,292.092,291.692,94.293000921607,NaN,20.9529419737365,-0.0828523626955757,385.262628864279,172.791854374324,27.268502,270.932,291.974,291.692,292.092,291.692,-0.788103926648261
20230531160800.6,95.12899518013,9.7611899,1.7465463,2.0067143,2.0329045,1.5712e-05,2.02e-06,-0.04209664,-0.034951756,1.363087,3.6603286,270.949,291.985,291.914,292.083,291.549,95.12899518013,NaN,20.8404528324739,1.33080973764481,382.412530168294,172.023623728977,27.26174,270.949,291.985,291.549,292.083,291.549,54.0217576560213
20230531160801.5,95.9799963980913,9.8014722,1.7027945,2.0076718,2.0320822,5.499e-06,2.581e-06,0.043122279,0.016455728,1.3624449,3.6460112,270.896,291.991,291.936,292.097,291.524,95.9799963980913,NaN,20.9522542179894,2.54456642799187,372.010239188694,167.64849700437,27.248898,270.896,291.991,291.524,292.097,291.524,-0.354858378435591
20230531160802.3,96.8239970505238,9.7555802,1.752708,2.0060384,2.0310909,4.04e-06,6.622e-06,-0.001971657,0.002226531,1.3620169,3.6422827,270.87,291.982,291.961,292.083,291.594,96.8239970505238,NaN,20.8248834078798,0.474017939204714,359.47005793115,172.63978622604,27.240338,270.87,291.982,291.594,292.083,291.594,61.9467842497784
20230531160803.2,97.6599913090467,9.7571347,1.8708515,2.0034814,2.0289957,1.3019e-05,2.245e-06,-0.031180837,-0.044539768,1.3617352,3.663156,270.859,292.007,291.989,292.092,291.532,97.6599913090467,NaN,20.8291978401189,-2.76731454875244,332.965278579981,184.453992365869,27.234704,270.859,292.007,291.532,292.092,291.532,62.199929047297
20230531160804,98.5189989209175,9.8021143,1.6715915,2.004315,2.0307643,2.469e-06,5.275e-06,0.01844422,0.003905938,1.3614086,3.6427332,270.8,291.988,292.02,292.086,291.608,98.5189989209175,NaN,20.9540363324576,-1.71061734032037,355.338490092236,164.528234999426,27.228172,270.8,291.988,291.608,292.086,291.608,-0.965417616160616
20230531160804.9,99.3589963763952,9.757574,1.610357,2.0063088,2.0335691,1.0437e-05,1.01e-06,-0.001839225,-0.004844296,1.3608453,3.6644739,270.802,291.999,292.054,292.092,291.512,99.3589963763952,NaN,20.8304170939514,0.8167853638206,390.819878563096,158.404859563033,27.216906,270.802,291.999,291.512,292.092,291.512,56.4580978268022
20230531160805.9,100.386993214488,9.8021143,1.8113067,1.9343952,2.0354616,2.0538e-05,9.876e-06,-0.00132145,-0.00269351,1.3605412,3.6531192,270.791,291.999,292.082,292.1,291.764,100.386993214488,NaN,20.9540363324576,-90.3431239071901,414.760454604566,178.499584871975,27.210824,270.791,291.999,291.764,292.1,291.764,-0.102671523242714
20230531160806.9,101.37899145484,9.8027789,1.7030536,2.0050359,2.0332875,1.235e-06,5.163e-06,0.000152745,-0.26725046,1.3576687,3.6539641,270.749,291.988,292.099,292.089,291.72,101.37899145484,NaN,20.9558808944814,-0.796782146511305,387.257571449081,167.67440668887,27.153374,270.749,291.988,291.72,292.089,291.72,-2.20180393860813
20230531160807.9,102.346990630031,9.8025085,1.7889239,2.0033575,2.0321611,-2.469e-06,2.245e-06,0.018050069,0.000241182,1.3574772,3.6532657,270.695,291.996,292.124,292.075,291.706,102.346990630031,NaN,20.9551304136339,-2.92437403066833,373.008342993013,176.26133212691,27.149544,270.695,291.996,291.706,292.075,291.706,-1.70256307264327
20230531160808.7,103.190991282463,9.8021593,1.8547994,2.0058131,2.0316204,1.01e-06,-4.153e-06,0.012781877,0.010449173,1.357894,3.6363124,270.687,291.979,292.135,292.081,291.986,103.190991282463,NaN,20.954161227569,0.188420673058317,366.168359127427,182.848801912081,27.15788,270.687,291.979,291.986,292.081,291.986,-1.22757757214296
20230531160809.5,104.02699559927,9.788822,1.8105971,2.0075254,2.0299081,-4.153e-06,2.581e-06,0.02189462,0.037125708,1.3584798,3.6219275,270.65,291.993,292.149,292.103,291.966,104.02699559927,NaN,20.9171442593463,2.3589852483924,344.507356033213,178.428625736036,27.169596,270.65,291.993,291.966,292.103,291.966,17.3638165573339
20230531160810.4,104.878992587328,9.8018327,1.7649977,2.0059483,2.0337606,3.928e-06,-4.601e-06,0.012393446,0.017784531,1.3589416,3.6438372,270.625,291.999,292.18,292.083,291.888,104.878992587328,NaN,20.9532547666045,0.35980438536626,393.242399203489,173.868741261202,27.178832,270.625,291.999,291.888,292.083,291.888,-1.03367153458719
20230531160811.4,105.905993655324,9.7897908,1.6550438,2.0038644,2.0309107,-1.2794e-05,-6.958e-06,0.00064554,0.00074226,1.3593471,3.6430261,270.577,291.996,292.205,292.086,291.703,105.905993655324,NaN,20.9198331123236,-2.28181187261362,357.190484983901,162.873485149116,27.186942,270.577,291.996,291.703,292.086,291.703,15.269080510416
20230531160812.3,106.780993938446,9.770089,1.6107851,2.0015664,2.0288605,1.9977e-05,5.163e-06,-0.60190782,-0.36134787,1.3595048,3.6476559,270.599,292.03,292.227,292.092,291.848,106.780993938446,NaN,20.8651518121707,-5.19482792944791,331.254966357628,158.447669041748,27.190096,270.599,292.03,291.848,292.092,291.848,40.912670821051
20230531160813.1,107.632990926504,9.7919198,1.7135297,2.0030195,2.0293562,-4.938e-06,-2.357e-06,0.61852491,0.43132369,1.3595724,3.6501566,270.557,292.013,292.225,292.081,291.566,107.632990926504,NaN,20.925742038819,-3.35283331143819,337.525689498318,168.722003932405,27.191448,270.557,292.013,291.566,292.081,291.566,12.9057853827525
20230531160814,108.479999005795,9.7858482,1.6462123,2.0052837,2.0307079,2.0538e-05,4.826e-06,-0.36700479,-0.2997964,1.3596288,3.655879,270.565,292.013,292.236,292.097,291.678,108.479999005795,NaN,20.9088906352919,-0.482663182680426,354.625016650363,161.990345902997,27.192576,270.565,292.013,291.678,292.097,291.678,20.4002694927746
20230531160814.8,109.331995993853,9.8025536,1.8833326,2.0069734,2.0292435,4.489e-06,7.968e-06,-0.2031854,-0.25061705,1.3597076,3.6401649,270.529,292.01,292.227,292.097,291.826,109.331995993853,NaN,20.9552555862901,1.6592529318682,336.100007638412,185.702087167969,27.194152,270.529,292.01,291.826,292.097,291.826,-1.49832882712459
20230531160815.7,110.198999941349,9.8027564,1.7580249,2.0078746,2.0305052,7.856e-06,3.367e-06,-0.2685123,-0.24250727,1.3596513,3.6347354,270.523,292.01,292.25,292.089,291.93,110.198999941349,NaN,20.9558184469257,2.80164199645469,352.060813340664,173.171469751793,27.193026,270.523,292.01,291.93,292.089,291.93,-1.90550600818569
20230531160816.6,111.043000593781,9.7937447,1.6772914,2.0083139,2.0326004,-8.754e-06,-7.632e-06,0.78713359,0.61379918,1.3584234,3.6558453,270.447,291.993,292.255,292.086,291.577,111.043000593781,NaN,20.9308069519055,3.35851229835498,378.565592691833,165.09821805881,27.168468,270.447,291.993,291.577,292.086,291.577,9.82528234187113
20230531160817.4,111.901998147368,9.8016524,1.7631278,2.0061961,2.031688,6.622e-06,-6.73e-07,0.10019649,0.14210514,1.3584009,3.6569717,270.464,292.013,292.255,292.086,291.557,111.901998147368,NaN,20.9527543535246,0.673923349197139,367.023515238601,173.681753538129,27.168018,270.464,292.013,291.557,292.086,291.557,-0.523696624241956
20230531160818.3,112.745998799801,9.8027,1.8122755,2.0072775,2.033434,4.377e-06,8.305e-06,-0.23720011,-0.19479669,1.35866,3.6436457,270.452,291.996,292.281,292.089,291.708,112.745998799801,NaN,20.9556619117193,2.04473952146054,389.110831364578,178.596463692293,27.1732,270.452,291.996,291.708,292.089,291.708,-2.23144650098942
20230531160819.1,113.600993156433,9.7664505,1.7955475,1.9983672,2.0352588,1.7396e-05,9.764e-06,-0.61102974,-0.52040539,1.3587952,3.6335639,270.472,292.01,292.275,292.089,291.924,113.600993156433,NaN,20.8550533485478,-9.25023305086916,412.194986271028,176.92368406153,27.175904,270.472,292.01,291.924,292.089,291.924,47.4475863120918
20230531160820,114.444993808866,9.8020354,1.9203708,2.0057456,2.0339183,-8.081e-06,-5.61e-07,0.4159768,0.3162143,1.3589641,3.6459775,270.39,291.993,292.289,292.1,291.717,114.444993808866,NaN,20.9538173496955,0.102855580004871,395.237341788288,189.405862067546,27.179282,270.39,291.993,291.717,292.1,291.717,-1.38424824109997
20230531160820.8,115.296990796924,9.7836403,1.7199956,2.004315,2.0354391,1.01e-06,-2.918e-06,0.32713346,0.36996207,1.3592345,3.6586727,270.413,291.977,292.306,292.081,291.554,115.296990796924,NaN,20.9027627260345,-1.71061734032037,414.475824242116,169.368586059052,27.18469,270.413,291.977,291.554,292.081,291.554,23.2437560731331
20230531160821.9,116.410000249743,9.8022044,1.6669167,2.0018029,2.0347745,7.86e-07,5.611e-06,-0.000334557,-0.00020235,1.3596963,3.6518688,270.379,292.005,292.3,292.103,291.538,116.410000249743,NaN,20.9542864002252,-4.89503319600999,406.068475847318,164.060760691804,27.193926,270.379,292.005,291.538,292.103,291.538,-1.53821979354639
20230531160822.9,117.425997555256,9.7657296,1.6949656,1.9303512,2.0328032,1.6049e-05,1.2233e-05,-0.00382827,-0.00182754,1.3600906,3.6436344,270.39,291.991,292.317,292.1,291.885,117.425997555256,NaN,20.8530525288622,-95.469423704335,381.131061025364,166.865616537411,27.201812,270.39,291.991,291.885,292.1,291.885,48.7694903095629
20230531160823.8,118.261991813779,9.7936996,1.6974889,2.0031547,2.0341774,2.806e-06,3.367e-06,-0.1188565,-0.26355039,1.3604398,3.6223556,270.337,291.996,292.323,292.095,291.924,118.261991813779,NaN,20.9306817792494,-3.18144959913025,398.51501853986,167.117943464856,27.208796,270.337,291.996,291.924,292.095,291.924,9.8468155287216
20230531160824.6,119.11299303174,9.8024409,1.7354619,2.0002034,2.0362163,-1.5039e-05,-5.499e-06,0.78714821,0.65868476,1.3607214,3.6439836,270.297,291.985,292.311,292.083,291.68,119.11299303174,NaN,20.954942793422,-6.92260899361918,424.307589472988,170.915197226153,27.214428,270.297,291.985,291.68,292.083,291.68,-2.04109135284473
20230531160825.5,119.975993782282,9.766428,1.7000009,1.9978153,2.0374104,5.387e-06,-1.459e-06,0.16750291,0.27541342,1.361003,3.6587515,270.322,291.988,292.314,292.064,291.535,119.975993782282,NaN,20.854990900992,-9.94983860429238,439.41323906407,167.369140406061,27.22006,270.322,291.988,291.535,292.064,291.535,45.9363127899449
20230531160826.3,120.823997631669,9.8024184,1.9497601,1.9956412,2.0392352,9.315e-06,1.0325e-05,-0.51257792,-0.37853458,1.3614311,3.6406718,270.314,291.988,292.348,292.079,291.815,120.823997631669,NaN,20.9548803458663,-12.7057951792117,462.497393970523,192.344756280984,27.228622,270.314,291.988,291.815,292.079,291.815,-2.44268047426702
