20230531180407.5,0,9.7569,1.6762,2.0169,2.0451,-0.0023,-0.0011,0.4095,0.383,1.3726,3.2786,272.633,292.242,290.624,292.326,292.88,0,NaN,20.8285464427264,14.2425188978277,536.68851173433,164.989079387779,27.452,272.633,292.242,292.88,292.326,292.88,-0.233522506068524
20230531180408.2,0.710999965667725,9.745,1.6981,2.0096,2.0496,0.0011,-0.0011,-1.4047,-1.1343,1.3732,3.447,272.601,292.247,290.554,292.337,292.7,0.710999965667725,NaN,20.7955186243637,4.98881253799573,593.614584223942,167.179052720736,27.464,272.601,292.247,292.7,292.337,292.7,15.173269914702
20230531180408.7,1.24199688434601,9.7433,1.652,2.004,2.0428,-0.0023,0.0006,1.6536,1.4993,1.3732,3.2724,272.585,292.225,290.551,292.304,292.798,1.24199688434601,NaN,20.7908003645975,-2.10992110790221,507.59296357297,162.56910885547,27.464,272.585,292.225,292.798,292.304,292.798,18.1481951283596
20230531180409.2,1.7620000988245,9.7563,1.6807,2.0203,2.0457,-0.0017,0.0011,0.9096,0.9496,1.3737,3.7663,272.585,292.214,290.616,292.298,292.826,1.7620000988245,NaN,20.8268811745737,18.5524643256945,544.278654732945,165.43907390825,27.474,272.585,292.214,292.826,292.298,292.826,0.413955291485483
20230531180409.7,2.24200151860714,9.7445,1.817,2.0051,2.0468,0.0011,0.0011,-0.6139,-0.9091,1.3732,4.3386,272.592,292.255,290.662,292.315,292.898,2.24200151860714,NaN,20.794130900903,-0.715526998886162,558.193916897075,179.068907939396,27.464,272.592,292.255,292.898,292.315,292.898,16.8490470700172
20230531180410.2,2.77700163424015,9.7456,1.746,2.0074,2.0305,0.0006,-0.0011,-1.5438,-1.1738,1.3737,2.9153,272.578,292.26,290.696,292.326,292.719,2.77700163424015,NaN,20.7971838925164,2.20002431996454,351.995032101346,171.968994394191,27.474,272.578,292.26,292.719,292.326,292.719,17.0668297573887
20230531180410.7,3.22699919342995,9.7439,1.6351,2.013,2.0293,-0.0006,0.0006,1.5247,0.8561,1.3732,4.3301,272.572,292.246,290.746,292.284,292.895,3.22699919342995,NaN,20.7924656327503,9.29875796586248,336.814746104115,160.879129434146,27.464,272.572,292.246,292.895,292.284,292.895,18.752382001304
20230531180411.1,3.67600098252296,9.7383,1.6339,2.0096,2.0327,-0.0011,-0.0011,0.0901,0.4359,1.3737,3.2222,272.572,292.26,290.766,292.284,292.772,3.67600098252296,NaN,20.7769231299913,4.98881253799573,379.825556429605,160.759130895354,27.474,272.572,292.26,292.772,292.284,292.772,25.6883769498043
20230531180411.6,4.11300323903561,9.7473,1.8519,2.0102,2.049,0,-0.0006,-1.3518,-0.842,1.3687,2.9232,272.55,292.252,290.825,292.323,292.735,4.11300323903561,NaN,20.8019021522825,5.74939114291419,586.024441225327,182.558865442602,27.374,272.55,292.252,292.735,292.323,292.735,12.7307205778866
20230531180412,4.55100126564503,9.7569,1.8232,2.0169,2.0428,0.0028,0,-0.7474,-1.0279,1.3681,4.0603,272.537,292.265,290.863,292.309,292.819,4.55100126564503,NaN,20.8285464427264,14.2425188978277,507.59296357297,179.688900389822,27.362,272.537,292.265,292.819,292.309,292.819,0.0576036370875488
20230531180412.5,5.00799939036369,9.7467,1.6891,2.013,2.0282,0.0011,0.0006,1.6227,1.1338,1.3675,4.2428,272.534,292.24,290.894,292.295,292.886,5.00799939036369,NaN,20.8002368841298,9.29875796586248,322.899483939986,166.279063679795,27.35,272.534,292.24,292.886,292.295,292.886,15.5006664546355
20230531180412.9,5.44500164687634,9.736,1.7708,2,2.0355,-0.0017,0.0006,0.9288,1.3022,1.3681,3.2741,272.565,292.257,290.95,292.301,292.774,5.44500164687634,NaN,20.7705396020725,-7.18044514068652,415.246223756472,174.448964195897,27.362,272.565,292.257,292.774,292.301,292.774,29.7345211216577
20230531180413.4,5.90600296854973,9.7428,1.8283,2.0023,2.0243,0.0023,-0.0006,-1.3872,-1.1687,1.3675,4.0632,272.534,292.262,290.992,292.309,292.76,5.90600296854973,NaN,20.7894126411369,-4.26489382183536,273.563554448985,180.198894179689,27.35,272.534,292.262,292.76,292.309,292.76,22.2604129445394
20230531180413.8,6.33999779820442,9.7236,1.8947,1.9961,2.0406,0.0006,0.0011,0.561,-0.1025,1.3681,4.3848,272.539,292.259,291.011,292.324,292.898,6.33999779820442,NaN,20.7361240602491,-12.1242060726513,479.762439244711,186.838813326191,27.362,272.539,292.259,292.898,292.324,292.898,47.5654653230037
20230531180414.2,6.78100325167179,9.7563,1.6841,2.0085,2.0395,-0.0023,0,0.8668,0.7964,1.367,3.5348,272.55,292.251,291.023,292.327,292.842,6.78100325167179,NaN,20.8268811745737,3.59441842898059,465.847177080577,165.779069768161,27.34,272.55,292.251,292.842,292.327,292.842,1.44073673101134
20230531180414.7,7.23399817943573,9.7518,1.6401,1.9989,2.0265,-0.0017,-0.0006,-0.9845,-0.5306,1.3675,3.1738,272.533,292.273,291.053,292.355,292.744,7.23399817943573,NaN,20.8143916634281,-8.57483924970256,301.394078777241,161.37912334578,27.35,272.533,292.273,292.744,292.355,292.744,9.11248012325823
20230531180415.1,7.68700316548347,9.7552,1.7184,2.0102,2.0383,0.0011,0.0023,0.6072,0.0084,1.3687,4.3825,272.511,292.251,291.101,292.335,292.887,7.68700316548347,NaN,20.8238281829603,5.74939114291419,450.66689108335,169.209028001971,27.374,272.511,292.251,292.887,292.335,292.887,3.04411082911443
20230531180415.6,8.141003921628,9.7501,1.6976,2.0079,2.0282,-0.0017,0,0.3075,0.6117,1.3681,3.2307,272.514,292.268,291.143,292.346,292.75,8.141003921628,NaN,20.809673403662,2.83383982406258,322.899483939986,167.129053329573,27.362,272.514,292.268,292.75,292.346,292.75,11.1302011260236
20230531180416,8.58600251376629,9.7462,1.5793,1.9505,2.0271,0.0017,-0.0006,-1.7736,-1.661,1.3681,4.0626,272.518,292.286,291.19,292.357,292.788,8.58600251376629,NaN,20.7988491606691,-69.9281800463937,308.984221775856,155.299197380309,27.362,272.518,292.286,292.788,292.357,292.788,17.0126461064054
20230531180416.5,9.02300477027893,9.74,1.6858,1.9944,2.0406,0.0017,-0.0011,-0.8494,-1.0335,1.3675,3.9054,272.512,292.26,291.229,292.36,292.786,9.02300477027893,NaN,20.7816413897574,-14.2791787865849,479.762439244711,165.949067698116,27.35,272.512,292.26,292.786,292.36,292.786,23.1867484856641
20230531180416.9,9.468999132514,9.7563,1.7539,2.0079,2.0428,0,0.0011,1.8519,1.2678,1.3681,4.3521,272.489,292.255,291.232,292.357,292.903,9.468999132514,NaN,20.8268811745737,2.83383982406258,507.59296357297,172.758984774573,27.362,272.489,292.255,292.903,292.357,292.903,1.05941764307707
20230531180417.4,9.91000458598137,9.7484,1.7871,2.0034,2.0434,0,-0.0011,-1.3912,-0.7795,1.3675,2.9384,272.506,292.266,291.221,292.354,292.744,9.91000458598137,NaN,20.8049551438959,-2.87049971281976,515.183106571585,176.078944347824,27.35,272.506,292.266,292.744,292.354,292.744,11.873292434592
20230531180417.8,10.3509999811649,9.7507,1.9274,2.0057,2.0271,0.0017,-0.0011,-0.8065,-0.7666,1.3681,3.5101,272.47,292.266,291.271,292.365,292.769,10.3509999811649,NaN,20.8113386718147,0.045051606031393,308.984221775856,190.108773508278,27.362,272.47,292.266,292.769,292.365,292.769,11.2168876828882
20230531180418.3,10.8009975403547,9.7546,1.8834,2.0096,2.0338,-0.0011,0.0011,1.9015,1.9139,1.3687,3.2453,272.478,292.258,291.271,292.343,292.816,10.8009975403547,NaN,20.8221629148076,4.98881253799573,393.740818593727,185.708827085897,27.374,272.478,292.258,292.816,292.343,292.816,4.64273033272575
20230531180418.7,11.2420029938221,9.7529,1.7404,2.0074,2.0338,0.0023,-0.0006,-0.6218,-0.3971,1.3681,4.1122,272.458,292.252,291.199,292.365,292.786,11.2420029938221,NaN,20.8174446550415,2.20002431996454,393.740818593727,171.409001213161,27.362,272.458,292.252,292.786,292.365,292.786,6.79681881423104
20230531180419.1,11.6840042173862,9.7264,1.6993,2.0074,2.0271,0,0.0011,1.1186,0.8088,1.3681,4.066,272.458,292.252,291.103,292.337,292.892,11.6840042173862,NaN,20.7438953116286,2.20002431996454,308.984221775856,167.299051259529,27.362,272.458,292.252,292.892,292.337,292.892,42.7546624114664
20230531180419.6,12.1329959481955,9.7411,1.6576,1.9696,2.0237,-0.0006,-0.0011,-1.3974,-0.6212,1.3675,3.1321,272.464,292.269,291.047,292.374,292.716,12.1329959481955,NaN,20.7846943813708,-45.7164277898478,265.973411450366,163.1291020365,27.35,272.464,292.269,292.716,292.374,292.716,24.1599624231982
20230531180420,12.5860009342432,9.7462,1.8159,2.0085,2.0271,0,0.0011,1.3022,0.7198,1.3681,4.3707,272.43,292.224,290.966,292.348,292.903,12.5860009342432,NaN,20.7988491606691,3.59441842898059,308.984221775856,178.958909278837,27.362,272.43,292.224,292.903,292.348,292.903,17.0079382309966
20230531180420.5,13.0269963294268,9.7535,1.6717,1.8632,2.0389,0.0017,-0.0006,-1.7201,-1.4458,1.3687,3.9116,272.458,292.252,290.902,292.346,292.766,13.0269963294268,NaN,20.8191099231942,-180.592367061913,458.257034081962,164.539084867308,27.374,272.458,292.252,292.766,292.346,292.766,8.21991345420535
20230531180420.9,13.4730007499456,9.7394,1.8125,1.9983,2.044,0,-0.0011,-0.9102,-0.842,1.3687,3.1947,272.441,292.252,290.863,292.362,292.763,13.4730007499456,NaN,20.7799761216047,-9.33541785462012,522.7732495702,178.618913418925,27.374,272.441,292.252,292.763,292.362,292.763,24.3517715799289
20230531180421.4,13.9220025390387,9.7428,1.6976,2.0034,2.0366,-0.0011,0.0017,2.0316,1.8114,1.3692,3.3,272.427,292.227,290.77,292.334,292.878,13.9220025390387,NaN,20.7894126411369,-2.87049971281976,429.161485920606,167.129053329573,27.384,272.427,292.227,292.878,292.334,292.878,19.8614296665614
20230531180421.8,14.3670011311769,9.7366,1.7291,1.991,2.0434,0,-0.0011,-1.3934,-0.7964,1.3675,3.1175,272.419,292.244,290.703,292.343,292.744,14.3670011311769,NaN,20.7722048702252,-18.5891242144512,515.183106571585,170.279014972868,27.35,272.419,292.244,292.744,292.343,292.744,27.7624464663301
20230531180422.3,14.8049991577864,9.7445,1.8136,2.0012,2.0457,0.0006,0.0023,1.5359,0.9564,1.3687,4.4079,272.41,292.227,290.641,292.34,292.912,14.8049991577864,NaN,20.794130900903,-5.65928793085141,544.278654732945,178.728912079485,27.374,272.41,292.227,292.912,292.34,292.912,17.0659783103705
20230531180422.7,15.2580041438341,9.7433,1.9753,2.0029,2.0468,-0.0006,-0.0011,-0.3194,0.3751,1.3681,3.2194,272.439,292.255,290.585,292.346,292.797,15.2580041438341,NaN,20.7908003645975,-3.5043152169178,558.193916897075,194.898715181733,27.362,272.439,292.255,292.797,292.346,292.797,19.3582362564394
20230531180423.2,15.7069958746433,9.7512,1.8356,2.0051,2.0462,0.0017,-0.0006,-1.3461,-1.5393,1.3681,4.1189,272.408,292.249,290.554,292.337,292.856,15.7069958746433,NaN,20.8127263952754,-0.715526998886162,550.603773898452,180.928885290675,27.362,272.408,292.249,292.856,292.337,292.856,7.75594800136361
20230531180423.6,16.1410007625818,9.7495,1.9437,2.0113,2.0344,0.0011,0.0011,0.6567,-0.0625,1.3675,4.3222,272.402,292.249,290.521,292.332,292.934,16.1410007625818,NaN,20.8080081355092,7.14378525192933,401.33096159235,191.738753660205,27.35,272.402,292.249,292.934,292.332,292.934,11.8598862543681
20230531180424.1,16.5939956903458,9.7529,1.8598,2.0113,2.0282,-0.0011,0.0006,-0.0546,0.352,1.3681,3.1592,272.41,292.26,290.524,292.329,292.752,16.5939956903458,NaN,20.8174446550415,7.14378525192933,322.899483939986,183.348855822984,27.362,272.41,292.26,292.752,292.329,292.752,7.68470990521579
20230531180424.5,17.0429974794388,9.7462,1.7922,2.009,2.0265,0.0017,-0.0006,-0.7328,-0.9851,1.3681,4.1516,272.379,292.241,290.515,292.332,292.934,17.0429974794388,NaN,20.7988491606691,4.22823393307817,301.394078777241,176.588938137691,27.362,272.379,292.241,292.934,292.332,292.934,16.9609349449295
20230531180424.9,17.4840029329062,9.7417,1.7432,2.0023,2.0248,-0.0006,0.0011,1.6469,1.1805,1.3681,4.4186,272.376,292.235,290.56,292.315,292.898,17.4840029329062,NaN,20.7863596495236,-4.26489382183536,279.888673614496,171.688997803676,27.362,272.376,292.235,292.898,292.315,292.898,23.1404593700477
20230531180425.4,17.9340004920959,9.7377,1.6886,2.0017,2.0243,0.0011,-0.0006,-1.5624,-0.9659,1.3692,3.3698,272.399,292.26,290.624,292.32,292.732,17.9340004920959,NaN,20.7752578618386,-5.02547242675291,273.563554448985,166.229064288631,27.384,272.399,292.26,292.732,292.32,292.732,28.1433871425184
20230531180425.8,18.3789990842342,9.7428,1.8795,2.0057,2.0259,0,0.0023,1.3839,0.8082,1.3687,4.3983,272.385,292.23,290.692,292.315,292.886,18.3789990842342,NaN,20.7894126411369,0.045051606031393,293.803935778626,185.318831834823,27.374,272.385,292.23,292.886,292.315,292.886,22.2825677582443
20230531180426.3,18.8200045377016,9.7383,1.728,1.9972,2.0378,-0.0017,-0.0006,0.1115,0.8527,1.3687,3.1434,272.385,292.252,290.742,292.34,292.637,18.8200045377016,NaN,20.7769231299913,-10.7298119636357,444.341771917832,170.169016312308,27.374,272.385,292.252,292.637,292.34,292.637,26.0574464520378
20230531180426.7,19.2659988999367,9.7411,1.8418,1.995,2.0378,0.0011,0,-1.0172,-1.4222,1.3681,4.2428,272.376,292.255,290.784,292.34,292.962,19.2659988999367,NaN,20.7846943813708,-13.5186001816669,444.341771917832,181.548877741101,27.362,272.376,292.255,292.962,292.34,292.962,23.0773093295906
20230531180427.2,19.7150006890297,9.7428,1.6148,1.9944,2.0423,-0.0011,0.0006,0.6505,0.6629,1.3687,3.2115,272.365,292.232,290.84,292.312,292.766,19.7150006890297,NaN,20.7894126411369,-14.2791787865849,501.267844407455,158.849154152912,27.374,272.365,292.232,292.766,292.312,292.766,18.8500897804425
20230531180427.6,20.1559960842133,9.7591,1.7488,2.0096,2.0451,0,-0.0006,-0.49,0.1008,1.3681,2.997,272.362,292.252,290.877,292.312,292.688,20.1559960842133,NaN,20.8346524259532,4.98881253799573,536.68851173433,172.248990984706,27.362,272.362,292.252,292.688,292.312,292.688,-3.05617252418011
20230531180428.1,20.6010047346354,9.7586,2.0795,2.0085,2.0445,0.0017,-0.0006,-0.922,-1.0499,1.3681,4.0789,272.354,292.241,290.868,292.318,292.814,20.6010047346354,NaN,20.8332647024926,3.59441842898059,529.098368735715,205.318588300188,27.362,272.354,292.241,292.814,292.318,292.814,-2.48899738536851
20230531180428.5,21.0469990968704,9.7439,1.755,2.0062,2.0305,0,0.0017,1.5748,0.993,1.3675,4.3245,272.343,292.227,290.877,292.304,292.884,21.0469990968704,NaN,20.7924656327503,0.678867110129431,351.995032101346,172.868983435133,27.35,272.343,292.227,292.884,292.304,292.884,19.4376599571614
20230531180429,21.4919976890087,9.7428,1.6976,1.8378,2.0361,0,-0.0011,-1.5382,-0.646,1.367,2.8866,272.374,292.235,290.921,292.304,292.721,21.4919976890087,NaN,20.7894126411369,-212.790194670094,422.836366755088,167.129053329573,27.34,272.374,292.235,292.721,292.304,292.721,23.387781403008
20230531180429.4,21.9409994781017,9.7546,1.6598,2.0107,2.0423,-0.0023,0.0011,1.608,1.2971,1.3675,3.6475,272.351,292.232,290.919,292.292,292.895,21.9409994781017,NaN,20.8221629148076,6.38320664701178,501.267844407455,163.349099357619,27.35,272.351,292.232,292.895,292.292,292.895,3.27038473170316
20230531180429.9,22.4020007997751,9.74,1.6041,1.9927,2.0462,-0.0006,0.0011,0.8584,0.8403,1.3675,4.4208,272.345,292.227,290.854,292.301,292.844,22.4020007997751,NaN,20.7816413897574,-16.4341515005181,550.603773898452,157.779167182015,27.35,272.345,292.227,292.844,292.301,292.844,21.9573107431967
20230531180430.3,22.8549957275391,9.7417,1.8254,1.5686,2.0445,0.0006,-0.0011,-2.0045,-1.5185,1.3681,3.1879,272.345,292.232,290.793,292.309,292.704,22.8549957275391,NaN,20.7863596495236,-554.036462076485,529.098368735715,179.908897710941,27.362,272.345,292.232,292.704,292.309,292.704,30.5079218420908
20230531180430.8,23.2969969511032,9.7428,1.6103,1.9922,2.04,-0.0017,0,1.4498,0.9851,1.3681,3.5179,272.328,292.221,290.722,292.287,292.875,23.2969969511032,NaN,20.7894126411369,-17.0679670046161,472.172296246095,158.399159632441,27.362,272.328,292.221,292.875,292.287,292.875,19.1482253128556
20230531180431.2,23.7380024045706,9.745,1.6711,2.0017,2.0468,-0.0011,0,-0.2061,0.1729,1.3681,3.2054,272.34,292.241,290.694,292.306,292.758,23.7380024045706,NaN,20.7955186243637,-5.02547242675291,558.193916897075,164.479085597912,27.362,272.34,292.241,292.758,292.306,292.758,15.5683623701894
20230531180431.7,24.199003726244,9.7428,1.8063,1.9995,2.0372,-0.0017,0.0011,0.993,0.8809,1.3687,3.5067,272.323,292.255,290.599,292.295,292.842,24.199003726244,NaN,20.7894126411369,-7.81426064478455,436.751628919217,177.998920968499,27.374,272.323,292.255,292.842,292.295,292.842,20.5043919368669
20230531180432.1,24.6370017528534,9.7428,1.701,1.4993,2.0451,0,-0.0011,-1.6418,-1.0696,1.3748,2.9998,272.32,292.258,290.58,292.295,292.727,24.6370017528534,NaN,20.7894126411369,-641.883290944474,536.68851173433,167.469049189484,27.496,272.32,292.258,292.727,292.295,292.727,29.3281570143842
20230531180432.5,25.0820003449917,9.7428,1.8316,1.9983,2.0372,-0.0023,0.0006,1.4717,1.0302,1.3754,3.5602,272.309,292.241,290.566,292.276,292.889,25.0820003449917,NaN,20.7894126411369,-9.33541785462012,436.751628919217,180.528890161368,27.508,272.309,292.241,292.889,292.276,292.889,20.6648838119942
20230531180433,25.5350053310394,9.7383,1.8497,1.9972,2.0355,0.0006,-0.0017,-1.5292,-0.9519,1.3788,2.8815,272.328,292.255,290.557,292.298,292.73,25.5350053310394,NaN,20.7769231299913,-10.7298119636357,415.246223756472,182.338868121483,27.576,272.328,292.255,292.73,292.298,292.73,27.2525773443789
20230531180433.4,25.9800039231777,9.7422,1.8097,1.9955,2.0383,0,0.0011,1.505,0.9282,1.3782,4.1488,272.303,292.23,290.552,292.287,292.884,25.9800039231777,NaN,20.7877473729842,-12.8847846775689,450.66689108335,178.33891682841,27.564,272.303,292.23,292.884,292.287,292.884,21.2754798687408
20230531180433.9,26.4180019497871,9.7462,1.648,2.0023,2.0457,-0.0023,0.0006,0.7559,0.8037,1.3777,3.9353,272.309,292.252,290.524,292.292,292.847,26.4180019497871,NaN,20.7988491606691,-4.26489382183536,544.278654732945,162.169113726162,27.554,272.309,292.252,292.847,292.292,292.847,14.0006177494195
20230531180434.3,26.8550042062998,9.7569,1.7539,1.5663,2.0383,-0.0006,-0.0017,-1.9189,-1.2797,1.3799,2.8837,272.312,292.252,290.554,292.301,292.707,26.8550042062998,NaN,20.8285464427264,-556.952013395336,450.66689108335,172.758984774573,27.598,272.312,292.252,292.707,292.301,292.707,10.2055848648043
20230531180434.8,27.2970054298639,9.7529,1.6491,2.0006,2.0417,-0.0017,0.0006,1.4379,0.9992,1.3799,3.4425,272.3,292.238,290.58,292.309,292.872,27.2970054298639,NaN,20.8174446550415,-6.41986653576896,493.67770140884,162.279112386722,27.598,272.3,292.238,292.872,292.309,292.872,5.76543284195435
20230531180435.2,27.7380008250475,9.7501,1.6925,2.0096,2.0327,-0.0011,0,-0.1904,0.1566,1.3794,3.2042,272.312,292.241,290.58,292.312,292.735,27.7380008250475,NaN,20.809673403662,4.98881253799573,379.825556429605,166.619059539706,27.588,272.312,292.241,292.735,292.312,292.735,10.5032243141849
20230531180435.6,28.1870026141405,9.7507,1.9048,2.0102,2.031,0.0006,-0.0006,-0.9344,-1.3518,1.3788,4.1995,272.275,292.238,290.582,292.315,292.931,28.1870026141405,NaN,20.8113386718147,5.74939114291419,358.32015126686,187.848801027692,27.576,272.275,292.238,292.931,292.315,292.931,10.518909522834
20230531180436.1,28.6480039358139,9.7479,1.6598,2.0079,2.0389,0,-0.0011,-0.9468,-0.7519,1.3799,3.0364,272.292,292.252,290.616,292.315,292.749,28.6480039358139,NaN,20.8035674204353,2.83383982406258,458.257034081962,163.349099357619,27.598,272.292,292.252,292.749,292.315,292.749,12.5504520214336
20230531180436.6,29.1009988635778,9.7445,1.6953,1.9978,2.0383,-0.0028,0.0006,1.8373,1.8012,1.3794,3.2453,272.283,292.238,290.633,292.292,292.814,29.1009988635778,NaN,20.794130900903,-9.9692333587177,450.66689108335,166.899056130221,27.588,272.283,292.238,292.814,292.292,292.814,17.4831054656105
20230531180437,29.5509964227676,9.7383,1.8908,2.0012,2.0434,0.0011,-0.0011,-1.51,-1.0211,1.3794,3.5669,272.28,292.263,290.641,292.301,292.724,29.5509964227676,NaN,20.7769231299913,-5.65928793085141,515.183106571585,186.448818075116,27.588,272.28,292.263,292.724,292.301,292.724,26.4199084564336
20230531180437.5,29.9999982118607,9.7445,1.8209,1.9978,2.044,-0.0023,0.0006,1.621,1.3022,1.3794,3.4785,272.292,292.241,290.68,292.306,292.881,29.9999982118607,NaN,20.794130900903,-9.9692333587177,522.7732495702,179.458903190471,27.588,272.292,292.241,292.881,292.306,292.881,17.3838416292217
20230531180437.9,30.4490000009537,9.7377,1.79,1.9905,2.0457,0,-0.0006,-1.5568,-1.0741,1.3765,3.2943,272.283,292.244,290.711,292.326,292.716,30.4490000009537,NaN,20.7752578618386,-19.2229397185497,544.278654732945,176.368940816572,27.53,272.283,292.244,292.716,292.326,292.716,26.4518480082212
20230531180438.4,30.893998593092,9.7422,1.8175,2.0023,2.0327,-0.0017,0,1.1467,1.3681,1.3765,3.1654,272.283,292.232,290.742,292.312,292.676,30.893998593092,NaN,20.7877473729842,-4.26489382183536,379.825556429605,179.118907330559,27.53,272.283,292.232,292.676,292.312,292.676,21.9131292857609
20230531180438.8,31.3479993492365,9.7405,1.8513,1.9995,2.035,0.0017,-0.0011,-1.1997,-1.1856,1.376,4.0885,272.272,292.235,290.812,292.315,292.786,31.3479993492365,NaN,20.7830291132181,-7.81426064478455,408.921104590965,182.498866173206,27.52,272.272,292.235,292.786,292.315,292.786,24.2329445721804
20230531180439.2,31.7770052701235,9.7326,1.6446,2,2.0445,0,0.0017,1.2487,0.5818,1.3765,4.4146,272.275,292.238,290.843,292.304,292.867,31.7770052701235,NaN,20.7611030825403,-7.18044514068652,529.098368735715,161.829117866251,27.53,272.275,292.238,292.867,292.304,292.867,31.9440463462387
20230531180439.7,32.2229996323586,9.7524,1.7657,2.0113,2.0457,-0.0023,0.0006,0.7587,0.7226,1.376,3.9522,272.264,292.224,290.891,292.292,292.844,32.2229996323586,NaN,20.8160569315808,7.14378525192933,544.278654732945,173.93897040603,27.52,272.264,292.224,292.844,292.292,292.844,5.90583821161638
20230531180440.1,32.6679982244968,9.7586,1.7533,1.9398,2.0428,0.0011,-0.0011,-2.0102,-1.5697,1.376,3.3118,272.275,292.235,290.924,292.312,292.702,32.6679982244968,NaN,20.8332647024926,-83.491831834092,507.59296357297,172.698985505177,27.52,272.275,292.235,292.702,292.312,292.702,-0.602436279869498
20230531180440.6,33.1050004810095,9.7433,1.7426,2.0057,2.0293,0.0023,-0.0011,-0.949,-1.3782,1.3754,4.0823,272.261,292.23,290.947,292.312,292.822,33.1050004810095,NaN,20.7908003645975,0.045051606031393,336.814746104115,171.62899853428,27.508,272.261,292.23,292.822,292.312,292.822,20.3294760008867
20230531180441,33.559001237154,9.7422,1.7212,1.9989,2.0372,0,0.0011,1.9319,1.3292,1.3771,4.2941,272.252,292.207,290.997,292.284,292.881,33.559001237154,NaN,20.7877473729842,-8.57483924970256,436.751628919217,169.489024592486,27.542,272.252,292.207,292.881,292.284,292.881,20.8109211775609
20230531180441.4,33.9879970997572,9.7372,1.688,1.9978,2.0395,-0.0011,-0.0011,-0.7142,0.125,1.3765,2.9553,272.261,292.224,291.014,292.298,292.685,33.9879970997572,NaN,20.773870138378,-9.9692333587177,465.847177080577,166.169065019235,27.53,272.261,292.224,292.685,292.298,292.685,26.9642934755044
20230531180441.9,34.4220019876957,9.749,1.7511,2.0096,2.0434,0.0023,-0.0006,-1.0927,-1.1253,1.3771,3.2414,272.264,292.221,291.047,292.306,292.735,34.4220019876957,NaN,20.8066204120486,4.98881253799573,515.183106571585,172.478988184058,27.542,272.264,292.221,292.735,292.306,292.735,10.8025852914322
20230531180442.3,34.8629973828793,9.7586,1.6993,2.0181,2.035,0.0006,0,1.3427,0.8291,1.3765,4.2501,272.244,292.202,291.07,292.267,292.884,34.8629973828793,NaN,20.8332647024926,15.7636761076628,408.921104590965,167.299051259529,27.53,272.244,292.202,292.884,292.267,292.884,-1.24543820418199
20230531180442.8,35.3049986064434,9.754,1.7804,2.0152,2.0417,-0.0006,-0.0011,-1.0516,-0.3965,1.3765,2.8939,272.299,292.248,291.098,292.295,292.718,35.3049986064434,NaN,20.8204976466548,12.0875461838946,493.67770140884,175.408952506234,27.53,272.299,292.248,292.718,292.295,292.718,4.1860191080445
20230531180443.2,35.7499971985817,9.7456,1.7438,2.0152,2.0288,0.0017,-0.0011,-0.8229,-0.6635,1.3771,3.0589,272.256,292.236,291.14,292.292,292.741,35.7499971985817,NaN,20.7971838925164,12.0875461838946,330.489626938601,171.748997073072,27.542,272.256,292.236,292.741,292.292,292.741,17.1037033050688
20230531180443.7,36.1910026520491,9.7569,1.8266,2.0175,2.0389,-0.0011,0,1.7342,1.9009,1.3765,3.1986,272.268,292.222,291.179,292.295,292.713,36.1910026520491,NaN,20.8285464427264,15.0030975027453,458.257034081962,180.028896249734,27.53,272.268,292.222,292.713,292.295,292.713,0.5558983937193
20230531180444.1,36.6410002112389,9.7524,1.6514,1.9972,2.0383,0.0034,0,-1.3692,-0.9474,1.3782,3.3709,272.259,292.234,291.218,292.287,292.699,36.6410002112389,NaN,20.8160569315808,-10.7298119636357,450.66689108335,162.509109586073,27.564,272.259,292.234,292.699,292.287,292.699,6.91986759976664
20230531180444.5,37.0819956064224,9.7411,1.7714,2.0079,2.0254,0.0006,0.0006,0.7868,0.0377,1.3765,4.338,272.265,292.214,291.249,292.281,292.917,37.0819956064224,NaN,20.7846943813708,2.83383982406258,287.478816613111,174.508963465293,27.53,272.265,292.214,292.917,292.281,292.917,23.9329821363788
20230531180445,37.5470001250505,9.7563,1.7353,2.0147,2.0366,0.0017,-0.0011,-1.1726,-0.6866,1.3777,3.0369,272.26,292.231,291.308,292.286,292.723,37.5470001250505,NaN,20.8268811745737,11.4537306797961,429.161485920606,170.899007423294,27.554,272.26,292.231,292.723,292.286,292.723,1.70117371103741
20230531180445.4,37.9840023815632,9.7433,1.5095,2.0057,2.0254,0.0011,-0.0006,0.4759,0.0062,1.3771,4.1707,272.249,292.206,291.28,292.269,292.877,37.9840023815632,NaN,20.7908003645975,0.045051606031393,287.478816613111,148.319282373897,27.542,272.249,292.206,292.877,292.269,292.877,19.3575832708404
20230531180445.9,38.4220004081726,9.7535,1.75,2.0158,2.0321,0.0006,-0.0006,-0.8572,-0.5638,1.3771,3.2307,272.269,292.222,291.26,292.263,292.723,38.4220004081726,NaN,20.8191099231942,12.8481247888121,372.235413430983,172.368989523499,27.542,272.269,292.222,292.723,292.263,292.723,6.04201742236668
20230531180446.3,38.8629958033562,9.7422,1.6418,2.0085,2.022,0.0017,-0.0011,-0.4934,-0.5373,1.3782,3.8294,272.266,292.234,291.263,292.275,292.754,38.8629958033562,NaN,20.7877473729842,3.59441842898059,244.468006287621,161.549121275736,27.564,272.266,292.234,292.754,292.275,292.754,22.0020826661173
20230531180446.8,39.3280003219843,9.7586,1.7376,2.0147,2.0366,0.0006,-0.0006,-0.2827,-0.1431,1.3782,3.1766,272.246,292.225,291.277,292.289,292.77,39.3280003219843,NaN,20.8332647024926,11.4537306797961,429.161485920606,171.129004622646,27.564,272.246,292.225,292.77,292.289,292.77,-1.39219141551447
20230531180447.2,39.7770021110773,9.7591,2.0457,2.0141,2.0344,0.0006,0.0011,2.058,1.5342,1.3782,4.4017,272.26,292.186,291.271,292.276,292.877,39.7770021110773,NaN,20.8346524259532,10.6931520748785,401.33096159235,201.938629457542,27.564,272.26,292.186,292.877,292.276,292.877,-1.92366338241946
20230531180447.7,40.2269996702671,9.7529,1.7134,1.8057,2.0389,0,-0.0017,-1.2132,-0.4506,1.3788,2.8798,272.269,292.225,291.213,292.279,292.715,40.2269996702671,NaN,20.8174446550415,-253.481150033189,458.257034081962,168.709034090337,27.576,272.269,292.225,292.715,292.279,292.715,10.3257042201596
20230531180448.1,40.6760014593601,9.758,2.187,2.0113,2.0366,0.0011,0.0006,0.8347,0.3684,1.3782,4.2344,272.252,292.203,291.131,292.257,292.889,40.6760014593601,NaN,20.8315994343398,7.14378525192933,429.161485920606,216.068457400322,27.564,272.252,292.203,292.889,292.257,292.889,-0.576296070946009
20230531180448.6,41.1130037158728,9.7467,1.8029,2.0085,2.0299,-0.0023,0.0006,1.0482,1.2729,1.3788,3.2611,272.28,292.225,291.039,292.251,292.751,41.1130037158728,NaN,20.8002368841298,3.59441842898059,344.404889102731,177.658925108588,27.576,272.28,292.225,292.751,292.251,292.751,15.8889179072043
20230531180449,41.5659986436367,9.7462,1.8525,2.169,2.0271,0.0017,-0.0017,-1.8237,-1.2273,1.3822,2.8922,272.28,292.222,290.966,292.271,292.684,41.5659986436367,NaN,20.7988491606691,207.049195244454,308.984221775856,182.618864711998,27.644,272.28,292.222,292.684,292.271,292.684,13.6680207440264
20230531180449.5,42.0310031622648,9.7597,1.6238,2.009,2.0395,-0.0017,-0.0006,0.8122,0.9479,1.3827,3.1609,272.259,292.224,290.905,292.261,292.66,42.0310031622648,NaN,20.8363176941059,4.22823393307817,465.847177080577,159.749143193853,27.654,272.259,292.224,292.66,292.261,292.66,-3.01640979816815
20230531180449.9,42.4769975244999,9.7569,1.6897,2.009,2.0361,0.0023,-0.0006,-1.1394,-1.1957,1.3822,4.0817,272.259,292.232,290.84,292.272,292.753,42.4769975244999,NaN,20.8285464427264,4.22823393307817,422.836366755088,166.339062949191,27.644,272.259,292.232,292.753,292.272,292.753,1.06400119136009
20230531180450.4,42.9139997810125,9.7422,1.9499,2.009,2.0316,-0.0017,0.0011,1.5782,1.0825,1.3816,3.8424,272.267,292.224,290.818,292.258,292.865,42.9139997810125,NaN,20.7877473729842,4.22823393307817,365.910294265475,192.358746110631,27.632,272.267,292.224,292.865,292.258,292.865,22.6934748821885
20230531180450.8,43.3670047670603,9.7462,1.7404,1.9724,2.0299,0.0006,-0.0011,-1.3929,-0.7902,1.3839,2.948,272.284,292.226,290.823,292.281,292.7,43.3670047670603,NaN,20.7988491606691,-42.167060966899,344.404889102731,171.409001213161,27.678,272.284,292.226,292.7,292.281,292.7,17.0372709592991
20230531180451.3,43.8159964978695,9.7462,1.7545,2.0085,2.0248,0.0006,0.0017,0.9789,0.2557,1.3827,4.396,272.264,292.226,290.84,292.253,292.871,43.8159964978695,NaN,20.7988491606691,3.59441842898059,279.888673614496,172.818984043969,27.654,272.264,292.226,292.871,292.253,292.871,16.9916835463686
20230531180451.7,44.2660041153431,9.7484,1.6942,2.0096,2.0305,-0.0006,-0.0017,-1.0189,-0.5486,1.3827,3.0595,272.291,292.229,290.868,292.278,292.697,44.2660041153431,NaN,20.8049551438959,4.98881253799573,351.995032101346,166.789057469662,27.654,272.291,292.229,292.697,292.278,292.697,13.0389407116661
20230531180452.2,44.7110027074814,9.7484,2.0524,2.0107,2.0276,0.0017,0.0011,0.4985,-0.1577,1.3827,4.3076,272.277,292.204,290.916,292.272,292.918,44.7110027074814,NaN,20.8049551438959,6.38320664701178,315.30934094137,202.608621299131,27.654,272.277,292.204,292.918,292.272,292.918,14.7438488430866
20230531180453.8,46.3239993900061,9.7507,1.7517,2.0034,2.0462,-0.0011,-0.0011,0.2625,0.8184,1.3827,3.0691,272.282,292.232,291.047,292.258,292.646,46.3239993900061,NaN,20.8113386718147,-2.87049971281976,550.603773898452,172.538987453454,27.654,272.282,292.232,292.646,292.258,292.646,8.27964983071293
20230531180454.3,46.8549963086843,9.7428,1.7229,1.9933,2.0434,0.0006,0.0017,0.5013,0.0896,1.3827,4.1724,272.277,292.229,291.123,292.258,292.801,46.8549963086843,NaN,20.7894126411369,-15.6735728956005,515.183106571585,169.659022522442,27.654,272.277,292.229,292.801,292.258,292.801,19.3447479157838
20230531180454.8,47.3089970648289,9.7281,1.6728,1.9972,2.0462,-0.0017,-0.0006,0.5266,1.0572,1.3827,3.1885,272.294,292.235,291.162,292.261,292.641,47.3089970648289,NaN,20.7486135713947,-10.7298119636357,550.603773898452,164.649083527868,27.654,272.294,292.235,292.641,292.261,292.641,37.9849287639845
20230531180455.2,47.7459993213415,9.7479,1.7708,2.0124,2.0361,-0.0023,0.0006,0.4816,0.7682,1.3833,3.2515,272.299,292.226,291.182,292.283,292.702,47.7459993213415,NaN,20.8035674204353,8.53817936094492,422.836366755088,174.448964195897,27.666,272.299,292.226,292.702,292.283,292.702,13.2323203841409
20230531180455.7,48.1950011104345,9.7586,1.6221,2.0141,2.0395,0.0017,0,-1.1912,-1.2549,1.3827,4.1161,272.294,292.229,291.238,292.3,292.711,48.1950011104345,NaN,20.8332647024926,10.6931520748785,465.847177080577,159.579145263897,27.654,272.294,292.229,292.711,292.3,292.711,-1.68970924578719
20230531180456.1,48.6440028995275,9.7146,1.848,2.0152,2.0434,-0.0011,0,0.0175,0.272,1.3839,3.1085,272.291,292.215,291.271,292.292,292.596,48.6440028995275,NaN,20.7111450379579,12.0875461838946,515.183106571585,182.168870191528,27.678,272.291,292.215,292.596,292.292,292.596,58.5982565041833
20230531180456.6,49.0980036556721,9.7535,1.7477,2.0085,2.0338,0.0011,-0.0011,-1.5928,-1.5337,1.3833,3.4025,272.299,292.229,291.308,292.306,292.666,49.0980036556721,NaN,20.8191099231942,3.59441842898059,393.740818593727,172.138992324147,27.666,272.299,292.229,292.666,292.306,292.666,5.97299301435769
20230531180457,49.5430022478104,9.7529,1.7117,2.013,2.044,-0.0011,-0.0011,0.383,0.5182,1.3839,3.0178,272.288,292.224,291.333,292.289,292.652,49.5430022478104,NaN,20.8174446550415,9.29875796586248,522.7732495702,168.539036160381,27.678,272.288,292.224,292.652,292.289,292.652,5.32425287607566
20230531180457.5,49.9920040369034,9.7535,1.7314,2.0164,2.0412,0.0028,0,-0.3954,-0.65,1.3844,4.1071,272.282,292.21,291.361,292.311,292.775,49.9920040369034,NaN,20.8191099231942,13.6087033937297,487.352582243322,170.50901217222,27.688,272.282,292.21,292.775,292.311,292.775,4.83408672990425
20230531180457.9,50.4259988665581,9.7546,1.6672,2.0181,2.0361,0.0006,0.0011,1.6148,1.1924,1.3844,4.1735,272.305,292.207,291.397,292.286,292.843,50.4259988665581,NaN,20.8221629148076,15.7636761076628,422.836366755088,164.089090346837,27.688,272.305,292.207,292.843,292.286,292.843,3.8960216030301
20230531180458.3,50.8670043200254,9.7377,1.6632,2.0079,2.0288,-0.0017,0,0.7283,0.9141,1.3833,3.8058,272.294,292.193,291.414,292.292,292.829,50.8670043200254,NaN,20.7752578618386,2.83383982406258,330.489626938601,163.68909521753,27.666,272.294,292.193,292.829,292.292,292.829,27.2110567916525
20230531180458.8,51.3240024447441,9.7557,1.7449,2.0147,2.0395,0,0.0017,0.2861,0.1419,1.3844,4.4095,272.319,292.187,291.451,292.286,292.775,51.3240024447441,NaN,20.8252159064209,11.4537306797961,465.847177080577,171.858995733632,27.688,272.319,292.187,292.775,292.286,292.775,2.14250453014386
20230531180459.2,51.7660036683083,9.7484,1.8012,2.0124,2.0333,-0.0011,-0.0006,-0.8786,-0.2191,1.3822,3.247,272.319,292.218,291.487,292.272,292.731,51.7660036683083,NaN,20.8049551438959,8.53817936094492,387.41569942822,177.488927178632,27.644,272.319,292.218,292.731,292.272,292.731,13.0269657164314
20230531180459.7,52.2300023585558,9.7529,2.0468,2.0074,2.0468,-0.0023,0.0006,0.6905,0.4044,1.3816,3.5805,272.305,292.21,291.51,292.253,292.812,52.2300023585558,NaN,20.8174446550415,2.20002431996454,558.193916897075,202.048628118101,27.632,272.305,292.21,292.812,292.253,292.812,5.56958732327971
20230531180500.1,52.6759967207909,9.7557,1.7849,1.5979,2.0451,-0.0006,-0.0023,-1.8992,-1.1507,1.3709,3.0448,272.33,292.238,291.552,292.286,292.669,52.6759967207909,NaN,20.8252159064209,-516.894873536339,536.68851173433,175.858947026705,27.418,272.33,292.238,292.669,292.286,292.669,10.3828913261934
