20230608092825.5,0,2.2462018,1.8104756,1.9955676,1.9940311,4.808e-06,1.639e-06,-0.000225214,-0.000314929,1.2579215,-0.000225324,-9.9e+37,290.508,288.831,290.643,291.729,0,NaN,-0.0169977528431637,-12.7990928214149,-109.345244569016,178.416475883983,25.15843,-9.9e+37,290.508,291.729,290.643,291.729,0.0411204196503352
20230608092826.7,1.17200128734112,2.246103,1.8506986,1.9960395,1.9940091,1.09e-07,1.9779e-05,0.003579283,-0.008233936,1.2579544,-0.001969672,-9.9e+37,290.473,288.91,290.61,291.737,1.17200128734112,NaN,-0.0172719669989823,-12.2008977486471,-109.623549812299,182.438726905515,25.159088,-9.9e+37,290.473,291.737,290.61,291.737,0.0917078715247034
20230608092827.6,2.14100629091263,2.2461469,1.6561573,1.9960395,1.9939762,-2.8848e-05,2.732e-06,0.002684763,0.009039292,1.2577239,-0.00277437,-9.9e+37,290.522,288.907,290.572,291.74,2.14100629091263,NaN,-0.0171501248791408,-12.2008977486471,-110.039742653389,162.984833793237,25.154478,-9.9e+37,290.522,291.74,290.572,291.74,0.0647858068105513
20230608092828.6,3.07800583541393,2.2462018,1.6819484,1.9959736,1.9940091,-1.508e-05,1.311e-06,0.005056237,0.016005981,1.2576691,0.001163116,-9.9e+37,290.492,288.918,290.591,291.737,3.07800583541393,NaN,-0.0169977528431637,-12.2844346320876,-109.623549812299,165.563912388106,25.153382,-9.9e+37,290.492,291.737,290.591,291.737,0.0380190070560203
20230608092829.5,3.9850015193224,2.2456201,1.777386,1.9960175,1.9939982,3.9776e-05,4.152e-06,-0.001656492,0.023548766,1.2577678,0.008054182,-9.9e+37,290.498,288.942,290.542,291.756,3.9850015193224,NaN,-0.0186122303172507,-12.2287856308276,-109.761437410107,175.107556176301,25.155356,-9.9e+37,290.498,291.756,290.542,291.756,0.341753555816097
20230608092830.4,4.91400472819805,2.2461359,1.9380698,1.9960395,1.9940091,-3.158e-05,1.202e-06,-0.014005921,0.015751481,1.2579325,-0.003267525,-9.9e+37,290.498,289.054,290.566,291.748,4.91400472819805,NaN,-0.0171806547952738,-12.2008977486471,-109.623549812299,191.175740515949,25.15865,-9.9e+37,290.498,291.748,290.566,291.748,0.0761057406659807
20230608092831.3,5.78099861741066,2.2461469,1.7822918,1.9960175,1.9939543,1.7593e-05,-1.5736e-05,-0.002819172,0.007472515,1.2578666,0.005727073,-9.9e+37,290.5,288.989,290.501,291.77,5.78099861741066,NaN,-0.0171501248791408,-12.2287856308276,-110.31678287284,175.59813020264,25.157332,-9.9e+37,290.5,291.77,290.501,291.77,0.0673361284267804
20230608092832.1,6.6249992698431,2.2462127,1.7329048,1.9960395,1.994053,9.507e-06,1.093e-06,-0.019286711,-0.003445424,1.2579105,-0.008099201,-9.9e+37,290.517,288.866,290.509,291.726,6.6249992698431,NaN,-0.016967500471722,-12.2008977486471,-109.068204349565,170.659490339865,25.15821,-9.9e+37,290.517,291.726,290.509,291.726,0.0327922814842035
20230608092833,7.477006316185,2.245664,1.7356485,1.9960175,1.9939982,4.043e-06,1.8795e-05,0.016154047,0.00756201,1.2578995,0.006577229,-9.9e+37,290.468,288.82,290.553,291.761,7.477006316185,NaN,-0.0184903881974074,-12.2287856308276,-109.761437410107,170.933856998935,25.15799,-9.9e+37,290.468,291.761,290.553,291.761,0.314881920335869
20230608092833.8,8.32800753414631,2.2454335,1.7383483,1.9957541,1.9960505,1.202e-06,1.1365e-05,0.00357972,0.000715747,1.2578447,0.005011106,-9.9e+37,290.468,288.792,290.55,291.74,8.32800753414631,NaN,-0.0191301287127548,-12.5626796383863,-83.7993532833425,171.203833711461,25.156894,-9.9e+37,290.468,291.74,290.55,291.74,0.436440551397494
20230608092834.7,9.18800085783005,2.2454445,1.7106258,1.9955785,1.9964785,0,1.9451e-05,-0.003042857,-0.000760768,1.2578337,-0.002192812,-9.9e+37,290.457,288.719,290.585,291.751,9.18800085783005,NaN,-0.01909959879662,-12.7852756434258,-78.3850512776626,168.431617468406,25.156674,-9.9e+37,290.457,291.751,290.585,291.751,0.427913985759289
20230608092835.5,10.0310057401657,2.2449067,1.8769066,1.9956115,1.9964785,8.633e-06,2.623e-06,0.002326562,0.021516585,1.2578666,0.004295359,-9.9e+37,290.473,288.683,290.528,291.751,10.0310057401657,NaN,-0.0205922341508646,-12.7434438201549,-78.3850512776626,185.059494992736,25.157332,-9.9e+37,290.473,291.751,290.528,291.751,0.743672735796797
20230608092836.4,10.8789995312691,2.244797,1.8025298,1.9955785,1.9964895,2.0106e-05,-1.0381e-05,-0.015169582,0.004116475,1.2579544,-0.000627235,-9.9e+37,290.495,288.642,290.504,291.737,10.8789995312691,NaN,-0.020896700678124,-12.7852756434258,-78.2458986560196,177.62190555937,25.159088,-9.9e+37,290.495,291.737,290.504,291.737,0.788364700411103
20230608092837.2,11.7539998143911,2.2449506,1.6674724,1.9955895,1.9965004,9.179e-06,2.076e-06,0.002013161,-0.005235885,1.2578666,-0.001253706,-9.9e+37,290.468,288.58,290.566,291.74,11.7539998143911,NaN,-0.0204703920310214,-12.7713317023354,-78.1080110582152,164.116330015143,25.157332,-9.9e+37,290.468,291.74,290.566,291.74,0.67753025679076
20230608092838.1,12.6210037618876,2.2456201,1.7842127,1.9956224,1.9964785,-1.508e-05,1.093e-06,0.00183417,-0.014633154,1.2579325,-0.008950122,-9.9e+37,290.446,288.566,290.574,291.726,12.6210037618876,NaN,-0.0186122303172507,-12.7296266421658,-78.3850512776626,175.790217863612,25.15865,-9.9e+37,290.446,291.726,290.574,291.726,0.344177142395237
20230608092839,13.4730007499456,2.2460152,2.1736462,1.9955785,1.9963907,-2.732e-06,5.46e-07,0.004563956,-0.008635631,1.2579215,-0.002327766,-9.9e+37,290.476,288.561,290.501,291.742,13.4730007499456,NaN,-0.0175156512386678,-12.7852756434258,-79.4957422031257,214.733093660886,25.15843,-9.9e+37,290.476,291.742,290.501,291.742,0.152030931531468
20230608092839.8,14.3320083618164,2.2461359,1.6478712,1.9955566,1.9965553,3.016e-05,4.043e-06,0.005861589,0.013382625,1.2579873,0.006174551,-9.9e+37,290.454,288.566,290.528,291.759,14.3320083618164,NaN,-0.0171806547952738,-12.8130367625049,-77.4135129738388,162.156233882999,25.159746,-9.9e+37,290.454,291.759,290.528,291.759,0.0720745565615237
20230608092840.7,15.1840053498745,2.2461579,1.7648856,1.9956005,1.9964895,6.01e-06,1.093e-06,-0.001387458,0.009038636,1.2579654,0.003282166,-9.9e+37,290.432,288.651,290.55,291.74,15.1840053498745,NaN,-0.0171195949630061,-12.7573877612449,-78.2458986560196,173.857531397703,25.159308,-9.9e+37,290.432,291.74,290.55,291.74,0.0631312233265183
20230608092841.5,16.0430029034615,2.246114,1.6739476,1.9955127,1.9964785,1.967e-06,6.119e-06,0.002774587,-0.010918154,1.2579654,4.4038e-05,-9.9e+37,290.427,288.741,290.564,291.721,16.0430029034615,NaN,-0.0172414370828493,-12.8686857637649,-78.3850512776626,164.763842130466,25.159308,-9.9e+37,290.427,291.721,290.564,291.721,0.0838052819606392
20230608092842.4,16.903006285429,2.246103,1.7738411,1.9955895,1.9964565,1.093e-06,7.649e-06,0.007472515,-0.007473059,1.2577569,-0.003446407,-9.9e+37,290.427,288.844,290.583,291.712,16.903006285429,NaN,-0.0172719669989823,-12.7713317023354,-78.6633565209449,174.753070492831,25.155138,-9.9e+37,290.427,291.712,290.583,291.712,0.0916808553149795
20230608092843.2,17.7580006420612,2.245675,1.7002764,1.9955785,1.9965004,9.83e-07,8.523e-06,0.009172825,0.003713253,1.2577898,-0.000761314,-9.9e+37,290.429,288.91,290.558,291.737,17.7580006420612,NaN,-0.0184598582812745,-12.7852756434258,-78.1080110582152,167.396690070592,25.155796,-9.9e+37,290.429,291.737,290.558,291.737,0.307839996317595
20230608092844.1,18.617008253932,2.2454884,1.7190655,1.9955895,1.9964565,-1.748e-06,8.305e-06,0.004966195,0.012395329,1.2577569,0.000938885,-9.9e+37,290.438,288.934,290.569,291.731,18.617008253932,NaN,-0.0189777566767777,-12.7713317023354,-78.6633565209449,169.275577191609,25.155138,-9.9e+37,290.438,291.731,290.569,291.731,0.406133318061576
20230608092845,19.4810047745705,2.2456859,1.6876553,1.9955566,1.9964675,-1.311e-06,8.96e-06,-0.000760768,0.018707028,1.2577678,0.001788712,-9.9e+37,290.443,288.972,290.572,291.726,19.4810047745705,NaN,-0.0184296059098328,-12.8130367625049,-78.5242038993019,166.134595438967,25.155356,-9.9e+37,290.443,291.726,290.572,291.726,0.301183784555455
20230608092845.8,20.3520018607378,2.2454445,1.6962706,1.9955785,1.9964017,8.196e-06,3.169e-06,-0.019420681,0.023850253,1.2577678,-0.001700857,-9.9e+37,290.473,288.991,290.495,291.745,20.3520018607378,NaN,-0.01909959879662,-12.7852756434258,-79.3565895814863,166.996114948348,25.155356,-9.9e+37,290.473,291.745,290.495,291.745,0.426071967821216
20230608092846.7,21.2190058082342,2.2454225,1.8821307,1.9955785,1.9964675,5.682e-06,1.639e-06,-0.001774508,0.062624392,1.2577898,0.007366518,-9.9e+37,290.432,289.04,290.531,291.764,21.2190058082342,NaN,-0.0191606586288877,-12.7852756434258,-78.5242038993019,185.58189863149,25.155796,-9.9e+37,290.432,291.764,290.531,291.764,0.461178418017295
20230608092847.6,22.0669995993376,2.2454445,1.6534245,1.9955785,1.9964785,8.305e-06,-2.404e-06,-0.024969194,0.000358201,1.2577678,-0.002192921,-9.9e+37,290.446,289.046,290.487,291.74,22.0669995993376,NaN,-0.01909959879662,-12.7852756434258,-78.3850512776626,162.711557120894,25.155356,-9.9e+37,290.446,291.74,290.487,291.74,0.420594108667513
20230608092848.4,22.9419998824596,2.2453896,1.7968229,1.9955785,1.9964785,5.464e-06,2.513e-06,0.000715528,-0.001745113,1.2577459,0.001341452,-9.9e+37,290.416,289.073,290.539,291.734,22.9419998824596,NaN,-0.0192519708325962,-12.7852756434258,-78.3850512776626,177.051222508509,25.154918,-9.9e+37,290.416,291.734,290.539,291.734,0.467999413508605
20230608092849.3,23.8090038299561,2.2454774,1.9451157,1.9954798,1.9964456,-1.4752e-05,-1.093e-06,-0.004609525,-0.014318991,1.2578447,-0.007249703,-9.9e+37,290.421,289.098,290.523,291.748,23.8090038299561,NaN,-0.0190082865929115,-12.9103908239344,-78.8012441187529,191.880321936345,25.156894,-9.9e+37,290.421,291.748,290.523,291.748,0.438965681882777
20230608092850.2,24.6720045804977,2.2453567,1.8515437,1.9956115,1.9964456,-1.4424e-05,-4.37e-07,0.005592993,-0.004641324,1.257713,-0.001253269,-9.9e+37,290.443,289.068,290.512,291.742,24.6720045804977,NaN,-0.0193432830363056,-12.7434438201549,-78.8012441187529,182.523235876459,25.15426,-9.9e+37,290.443,291.742,290.512,291.742,0.492831781505661
20230608092851,25.5390085279942,2.2454006,1.6383121,1.9956115,1.9963687,7.758e-06,-6.338e-06,-0.004251433,0.010648797,1.2580422,0.004204662,-9.9e+37,290.446,289.024,290.457,291.772,25.5390085279942,NaN,-0.0192214409164633,-12.7434438201549,-79.7740474464081,161.200335522858,25.160844,-9.9e+37,290.446,291.772,290.457,291.772,0.440803318285862
20230608092851.9,26.3829991221428,2.2453018,1.7276698,1.9955676,1.9964017,4.37e-07,2.076e-06,-0.007831369,0.00407211,1.2580203,-0.002775026,-9.9e+37,290.432,288.964,290.471,291.734,26.3829991221428,NaN,-0.0194956550722818,-12.7990928214149,-79.3565895814863,170.135996714384,25.160406,-9.9e+37,290.432,291.734,290.471,291.734,0.504749081105394
20230608092852.7,27.2380035370588,2.2454555,1.665881,1.9992771,1.9964017,6.775e-06,-2.732e-06,-0.002327001,0.004697707,1.2579434,-0.000492937,-9.9e+37,290.443,288.858,290.476,291.756,27.2380035370588,NaN,-0.0190690688804871,-8.09681559651153,-79.3565895814863,163.957191952948,25.158868,-9.9e+37,290.443,291.756,290.476,291.756,0.401940560321453
20230608092853.6,28.1020000576973,2.2453896,1.7065431,1.9993429,1.9964675,8.196e-06,-2.623e-06,-0.009353126,0.004921283,1.2579873,-0.001029913,-9.9e+37,290.451,288.828,290.449,291.77,28.1020000576973,NaN,-0.0192519708325962,-8.01340547617201,-78.5242038993019,168.0233524398,25.159746,-9.9e+37,290.451,291.77,290.449,291.77,0.440793001011451
20230608092854.4,28.9570044726133,2.2454006,1.8078746,1.9993649,1.9964895,2.3275e-05,4.59e-06,0.00089452,0.00429525,1.2578337,0.006845825,-9.9e+37,290.459,288.839,290.465,291.764,28.9570044726133,NaN,-0.0192214409164633,-7.98551759399197,-78.2458986560196,178.156379051151,25.156674,-9.9e+37,290.459,291.764,290.465,291.764,0.447916741914242
20230608092855.3,29.8280015587807,2.2454445,1.8342143,1.9996502,1.9964675,6.229e-06,8.74e-07,0.000704819,-0.007697181,1.2577239,0.002878288,-9.9e+37,290.402,288.95,290.525,291.753,29.8280015587807,NaN,-0.01909959879662,-7.62386246735332,-78.5242038993019,180.790316978005,25.154478,-9.9e+37,290.402,291.753,290.525,291.753,0.426463999772626
20230608092856.2,30.6880049407482,2.2456311,1.698268,2.0003087,1.9963578,2.404e-06,1.2348e-05,0.004519153,-0.019778992,1.2577788,-0.001074715,-9.9e+37,290.399,289.049,290.52,291.742,30.6880049407482,NaN,-0.018581700401116,-6.78912744845638,-79.9119350442197,167.195852516167,25.155576,-9.9e+37,290.399,291.742,290.52,291.742,0.311367014746029
20230608092857,31.5390061587095,2.2456311,1.8426101,1.9993649,1.9963907,9.616e-06,-6.666e-06,-0.002953908,-0.011634665,1.2580093,-0.005818098,-9.9e+37,290.468,289.024,290.493,291.737,31.5390061587095,NaN,-0.018581700401116,-7.98551759399197,-79.4957422031257,181.629886754664,25.160186,-9.9e+37,290.468,291.737,290.493,291.737,0.328408500959073
20230608092857.9,32.4060000479221,2.2456969,1.8134937,1.99931,1.9964017,2.8848e-05,4.152e-06,0.006980451,-0.002371585,1.2579873,0.000626251,-9.9e+37,290.408,288.956,290.525,291.753,32.4060000479221,NaN,-0.0183990759936989,-8.055110536342,-79.3565895814863,178.718282208924,25.159746,-9.9e+37,290.408,291.753,290.525,291.753,0.291131419992795
20230608092858.8,33.2700066268444,2.245653,1.775213,1.9994198,1.9964675,5.46e-07,5.136e-06,0.010828444,-0.011634774,1.2580203,-0.000582214,-9.9e+37,290.416,288.904,290.55,291.745,33.2700066268444,NaN,-0.0185209181135413,-7.91592465164194,-78.5242038993019,174.890258822305,25.160406,-9.9e+37,290.416,291.745,290.55,291.745,0.310569271067058
20230608092859.6,34.1410037130117,2.245653,1.9696775,1.9993868,1.9965334,-1.8467e-05,5.46e-07,0.001744128,-0.015265853,1.2580203,-0.007698164,-9.9e+37,290.47,288.964,290.517,291.742,34.1410037130117,NaN,-0.0185209181135413,-7.95775647491246,-77.6905531932898,194.3364720281,25.160406,-9.9e+37,290.47,291.742,290.517,291.742,0.327494984368169
20230608092900.5,34.9960081279278,2.245675,1.6938232,1.9994088,1.9963248,3.934e-06,2.295e-06,0.004368901,-0.001298072,1.2579654,-0.003551748,-9.9e+37,290.468,289,290.474,291.74,34.9960081279278,NaN,-0.0184598582812745,-7.92986859273196,-80.3293929091415,166.751377928481,25.159308,-9.9e+37,290.468,291.74,290.474,291.74,0.291999629768331
20230608092901.3,35.8560014516115,2.2455872,1.863616,1.9993649,1.9964895,2.076e-06,2.95e-06,0.001163553,0.019778682,1.2580422,0.00040202,-9.9e+37,290.468,289.021,290.484,291.767,35.8560014516115,NaN,-0.0187035425209592,-7.98551759399197,-78.2458986560196,183.730451176343,25.160844,-9.9e+37,290.468,291.767,290.484,291.767,0.353950639782126
20230608092902.2,36.6990063339472,2.2455981,1.7025263,1.9993429,1.9964456,-8.086e-06,1.6391e-05,0.004697926,0.015527137,1.2580093,0.004385292,-9.9e+37,290.44,289.106,290.523,291.781,36.6990063339472,NaN,-0.0186732901495175,-8.01340547617201,-78.8012441187529,167.62167733095,25.160186,-9.9e+37,290.44,291.781,290.523,291.781,0.33256806567951
20230608092903.1,37.5740066170692,2.2456201,1.6232985,1.9994088,1.9963687,6.666e-06,-8.523e-06,-0.016199275,0.016153392,1.2580312,0.003713362,-9.9e+37,290.476,289.125,290.455,291.775,37.5740066170692,NaN,-0.0186122303172507,-7.92986859273196,-79.7740474464081,159.698993804516,25.160624,-9.9e+37,290.476,291.775,290.455,291.775,0.313286233649341
20230608092903.9,38.4420063346624,2.2455872,1.7226213,1.9993759,1.9964675,3.2673e-05,5.136e-06,-0.005057003,0.01445439,1.2580093,0.00675622,-9.9e+37,290.44,289.155,290.487,291.764,38.4420063346624,NaN,-0.0187035425209592,-7.9715736529015,-78.5242038993019,169.631152861807,25.160186,-9.9e+37,290.44,291.764,290.487,291.764,0.340070187392161
20230608092904.8,39.2970006912947,2.245664,1.738491,1.9993868,1.9965004,1.421e-06,1.4861e-05,-0.004027419,-9.0261e-05,1.2579434,0.002907355,-9.9e+37,290.435,289.24,290.528,291.753,39.2970006912947,NaN,-0.0184903881974074,-7.95775647491246,-78.1080110582152,171.218103537699,25.158868,-9.9e+37,290.435,291.753,290.528,291.753,0.301705055361549
20230608092905.6,40.1530008763075,2.2455872,1.7259467,1.999332,1.9964456,-1.53e-06,1.7484e-05,0.00264007,-0.0095767,1.2579325,-0.001030022,-9.9e+37,290.432,289.308,290.55,291.764,40.1530008763075,NaN,-0.0187035425209592,-8.02722265416151,-78.8012441187529,169.963688812557,25.15865,-9.9e+37,290.432,291.764,290.55,291.764,0.340583497976713
20230608092906.5,41.0040020942688,2.2457518,1.7312695,1.9993649,1.9963468,8.086e-06,-9.616e-06,-0.007518517,0.004608103,1.2579325,-0.004028511,-9.9e+37,290.468,289.34,290.484,291.761,41.0040020942688,NaN,-0.0182467039577228,-7.98551759399197,-80.0510876658591,170.495962331126,25.15865,-9.9e+37,290.468,291.761,290.484,291.761,0.255729752849485
20230608092907.4,41.8629996478558,2.2456859,1.6856469,1.9993759,1.9964785,9.725e-06,-4.371e-06,-0.012664468,0.007070275,1.2579983,-0.003312,-9.9e+37,290.457,289.43,290.479,291.783,41.8629996478558,NaN,-0.0184296059098328,-7.9715736529015,-78.3850512776626,165.933757884542,25.159966,-9.9e+37,290.457,291.783,290.479,291.783,0.28585685830959
20230608092908.2,42.7230030298233,2.2456201,1.6644982,2.0000782,1.9964565,1.1146e-05,-1.6938e-05,-0.004251542,0.005011543,1.2578886,0.002595267,-9.9e+37,290.451,289.458,290.471,291.775,42.7230030298233,NaN,-0.0186122303172507,-7.08131639584553,-78.6633565209449,163.818913636747,25.157772,-9.9e+37,290.451,291.775,290.471,291.775,0.314680578341931
20230608092909.1,43.5820005834103,2.2455872,1.7468319,2.0002429,1.9964236,2.109e-05,3.497e-06,-0.005504481,-0.008994487,1.2579764,0.003042746,-9.9e+37,290.435,289.436,290.487,291.767,43.5820005834103,NaN,-0.0187035425209592,-6.87253756879591,-79.0795493620353,172.052183381209,25.159528,-9.9e+37,290.435,291.767,290.487,291.767,0.338984796061767
20230608092909.9,44.4380007684231,2.2455981,1.7533071,1.999727,1.9965334,1.0381e-05,-1.4206e-05,-0.003132681,-0.017317587,1.2580203,-0.004519702,-9.9e+37,290.446,289.34,290.46,291.764,44.4380007684231,NaN,-0.0186732901495175,-7.52650840592423,-77.6905531932898,172.699695496532,25.160406,-9.9e+37,290.446,291.764,290.46,291.764,0.33601451038051
20230608092910.8,45.2930051833391,2.2456969,1.7035909,1.9994746,1.9964236,3.6498e-05,4.043e-06,0.00666738,-0.038483245,1.2580312,-0.000761424,-9.9e+37,290.427,289.15,290.49,291.775,45.2930051833391,NaN,-0.0183990759936989,-7.84645847239244,-79.0795493620353,167.728136034615,25.160624,-9.9e+37,290.427,291.775,290.49,291.775,0.281372652665022
20230608092911.6,46.1560059338808,2.2455762,1.6815204,2.0002538,1.9964675,2.9941e-05,4.808e-06,0.010023199,-0.036380374,1.2579873,-0.002595925,-9.9e+37,290.418,289.049,290.49,291.759,46.1560059338808,NaN,-0.018734072437093,-6.85872039080641,-78.5242038993019,165.52111290927,25.159746,-9.9e+37,290.418,291.759,290.49,291.759,0.338086554081142
20230608092912.5,47.0310062170029,2.2455652,1.7872198,2.0003197,1.9963468,5.354e-06,5.245e-06,0.024029245,-0.024745946,1.2580093,-0.002596362,-9.9e+37,290.424,288.978,290.523,291.748,47.0310062170029,NaN,-0.018764602353226,-6.77518350736636,-80.0510876658591,176.090924201947,25.160186,-9.9e+37,290.424,291.748,290.523,291.748,0.354244380915544
20230608092913.4,47.8990059345961,2.245675,1.7536912,2.0002758,1.9964456,-2.8958e-05,9.83e-07,0.005593758,-0.026303214,1.2579983,-0.008233936,-9.9e+37,290.451,288.983,290.514,291.74,47.8990059345961,NaN,-0.0184598582812745,-6.83083250862637,-78.8012441187529,172.738105028823,25.159966,-9.9e+37,290.451,291.74,290.514,291.74,0.293703098667013
20230608092914.2,48.758003488183,2.2455981,1.6524697,1.9994417,1.9964236,-2.0871e-05,-2.19e-07,0.009575939,-0.008144003,1.2579764,-0.002237942,-9.9e+37,290.446,288.975,290.487,291.751,48.758003488183,NaN,-0.0186732901495175,-7.88816353256243,-79.0795493620353,162.616078283528,25.159528,-9.9e+37,290.446,291.751,290.487,291.751,0.327174390163778
20230608092915.1,49.61700104177,2.2456859,1.6831337,1.9993649,1.9964675,6.338e-06,2.404e-06,0.002470039,0.009128788,1.2580532,-0.000391202,-9.9e+37,290.451,289.049,290.463,291.775,49.61700104177,NaN,-0.0184296059098328,-7.98551759399197,-78.5242038993019,165.682440944798,25.161064,-9.9e+37,290.451,291.775,290.463,291.775,0.285686777360271
20230608092916,50.4730012267828,2.2455981,1.8115621,1.9993759,1.9964565,-2.3275e-05,2.076e-06,-4.4693e-05,0.025237278,1.2579325,0.002281431,-9.9e+37,290.446,289.128,290.449,291.781,50.4730012267828,NaN,-0.0186732901495175,-7.9715736529015,-78.6633565209449,178.525124560981,25.15865,-9.9e+37,290.446,291.781,290.449,291.781,0.343075282896526
20230608092916.8,51.3199992477894,2.2457189,1.8149534,1.9986405,1.9964126,-6.56e-07,2.1855e-05,0.004027635,0.013334981,1.2579983,0.008949468,-9.9e+37,290.41,289.18,290.517,291.786,51.3199992477894,NaN,-0.0183380161614313,-8.90378949632895,-79.2187019836783,178.864250431486,25.159966,-9.9e+37,290.41,291.786,290.517,291.786,0.282347369178082
20230608092917.7,52.1920021623373,2.2456091,1.8943458,1.9992881,1.9964565,-2.2183e-05,1.421e-06,-0.008054726,0.02491109,1.2580532,0.002281759,-9.9e+37,290.429,289.25,290.493,291.772,52.1920021623373,NaN,-0.0186427602333845,-8.08287165542151,-78.6633565209449,186.80339375749,25.161064,-9.9e+37,290.429,291.772,290.493,291.772,0.345344008430532
20230608092918.5,53.0470065772533,2.245642,1.782753,1.9993649,1.9964456,8.633e-06,-6.56e-07,-0.021031932,0.01874877,1.2581081,0.002595377,-9.9e+37,290.427,289.201,290.435,291.772,53.0470065772533,NaN,-0.0185514480296751,-7.98551759399197,-78.8012441187529,175.644249641049,25.162162,-9.9e+37,290.427,291.772,290.435,291.772,0.317239122975918
20230608092919.4,53.9180036634207,2.2455872,1.669821,1.9993539,1.9963468,3.7153e-05,4.043e-06,-0.006802006,0.020091865,1.25813,0.008367253,-9.9e+37,290.413,289.073,290.438,291.775,53.9180036634207,NaN,-0.0187035425209592,-7.99946153508199,-80.0510876658591,164.351187155316,25.1626,-9.9e+37,290.413,291.775,290.438,291.775,0.334832110181559
20230608092920.3,54.7700006514788,2.2456859,1.9211465,1.9993868,1.9963907,7.649e-06,2.185e-06,-0.025998995,-0.005504699,1.2580971,-0.006654923,-9.9e+37,290.408,289.03,290.449,291.767,54.7700006514788,NaN,-0.0184296059098328,-7.95775647491246,-79.4957422031257,189.483431122997,25.161942,-9.9e+37,290.408,291.767,290.449,291.767,0.305445316717263
20230608092921.1,55.6210018694401,2.2456091,1.6801814,1.9993978,1.9965224,5.464e-06,1.639e-06,-0.002763443,-0.002103098,1.2578556,-0.001723586,-9.9e+37,290.41,288.967,290.433,291.778,55.6210018694401,NaN,-0.0186427602333845,-7.94381253382244,-77.8297058149328,165.387214539735,25.157112,-9.9e+37,290.41,291.778,290.433,291.778,0.324524172502086
20230608092922,56.4690057188272,2.245675,1.6700734,1.9993868,1.9963797,-1.9997e-05,4.37e-07,0.001923337,0.003992012,1.2578886,0.002505335,-9.9e+37,290.38,288.904,290.476,291.761,56.4690057188272,NaN,-0.0184598582812745,-7.95775647491246,-79.6348948247651,164.376426847975,25.157772,-9.9e+37,290.38,291.761,290.476,291.761,0.290044628805114
20230608092922.8,57.3240000754595,2.245653,1.6697661,1.9993868,1.9964346,-2.3931e-05,-2.19e-07,-0.006040581,0.004575757,1.2578337,0.003535245,-9.9e+37,290.418,288.836,290.446,291.786,57.3240000754595,NaN,-0.0185209181135413,-7.95775647491246,-78.940396740396,164.345697222166,25.156674,-9.9e+37,290.418,291.786,290.446,291.786,0.30118652676195
20230608092923.7,58.1880066543818,2.2456201,1.9544882,1.9993429,1.9964017,-2.5352e-05,1.53e-06,-0.010068325,0.014677747,1.2577898,0.003489896,-9.9e+37,290.408,288.746,290.408,291.775,58.1880066543818,NaN,-0.0186122303172507,-8.01340547617201,-79.3565895814863,192.817560523703,25.155796,-9.9e+37,290.408,291.775,290.408,291.775,0.34456564173206
20230608092924.6,59.0590037405491,2.2455652,1.7885368,1.9993429,1.9964017,1.9997e-05,-1.65e-05,-0.011679904,0.017988986,1.2580422,0.008636179,-9.9e+37,290.408,288.601,290.397,291.8,59.0590037405491,NaN,-0.018764602353226,-8.01340547617201,-79.3565895814863,176.222622598271,25.160844,-9.9e+37,290.408,291.8,290.397,291.8,0.358382554007844
20230608092925.4,59.9060017615557,2.245642,1.6934281,1.9985308,1.9964565,9.725e-06,2.95e-06,-0.007205338,0.011097149,1.2580422,0.004698035,-9.9e+37,290.386,288.438,290.449,291.791,59.9060017615557,NaN,-0.0185514480296751,-9.04284861792848,-78.6633565209449,166.711868409584,25.160844,-9.9e+37,290.386,291.791,290.449,291.791,0.312404195489822
20230608092926.2,60.7579987496138,2.2456969,1.7031409,1.9985088,1.9964785,3.606e-06,4.262e-06,-0.010302937,-0.017765285,1.2580312,-0.00577264,-9.9e+37,290.394,288.353,290.405,291.778,60.7579987496138,NaN,-0.0183990759936989,-9.07073650010852,-78.3850512776626,167.683136582568,25.160624,-9.9e+37,290.394,291.778,290.405,291.778,0.285199970039943
20230608092927.1,61.6250026971102,2.245675,1.7085844,1.998432,1.9964565,1.1802e-05,2.076e-06,0.008858224,0.004966522,1.2577898,0.004787859,-9.9e+37,290.361,288.222,290.46,291.775,61.6250026971102,NaN,-0.0184598582812745,-9.16809056153807,-78.6633565209449,168.227479954164,25.155796,-9.9e+37,290.361,291.775,290.46,291.775,0.297245609719026
20230608092928,62.5000029802322,2.2455872,1.7663892,1.9985088,1.9963797,3.606e-06,5.464e-06,-0.000357764,-0.003356802,1.2577788,0.00236153,-9.9e+37,290.38,288.146,290.465,291.791,62.5000029802322,NaN,-0.0187035425209592,-9.07073650010852,-79.6348948247651,174.007889566809,25.155576,-9.9e+37,290.38,291.791,290.465,291.791,0.347984227491202
20230608092928.9,63.3600063621998,2.245653,1.6375,1.9984979,1.9964346,3.06e-06,1.956e-05,0.004250994,-0.013692303,1.2577788,-0.000537302,-9.9e+37,290.375,288.119,290.471,291.778,63.3600063621998,NaN,-0.0185209181135413,-9.08455367809802,-78.940396740396,161.119126511731,25.155576,-9.9e+37,290.375,291.778,290.471,291.778,0.301711236661194
20230608092929.7,64.2070043832064,2.2456201,1.6911124,1.998443,1.9964456,1.6938e-05,-2.3166e-05,-0.002998273,-0.005772531,1.2578337,-0.003580159,-9.9e+37,290.41,288.078,290.411,291.77,64.2070043832064,NaN,-0.0186122303172507,-9.15414662044805,-78.8012441187529,166.480301229349,25.156674,-9.9e+37,290.41,291.77,290.411,291.77,0.323746843264554
20230608092930.6,65.073998272419,2.2464981,1.7163656,1.9993978,1.9964895,-3.4312e-05,1.748e-06,0.002863973,-0.006041455,1.2579983,-0.007472513,-9.9e+37,290.383,288.081,290.471,291.77,65.073998272419,NaN,-0.0161753879203994,-7.94381253382244,-78.2458986560196,169.005590479205,25.159966,-9.9e+37,290.383,291.77,290.471,291.77,-0.12430233745569
20230608092931.4,65.942008048296,2.2470468,1.7995666,1.9984759,1.9965004,1.0381e-05,-1.9779e-05,0.003356035,-0.002371476,1.2580422,-0.002237177,-9.9e+37,290.421,288.007,290.414,291.764,65.942008048296,NaN,-0.014652500194714,-9.11244156027806,-78.1080110582152,177.32558916758,25.160844,-9.9e+37,290.421,291.764,290.414,291.764,-0.402669486234839
20230608092932.3,66.7970024049282,2.2466737,1.7116025,1.9993759,1.9963468,4.2945e-05,2.404e-06,0.003668888,0.006319997,1.2579434,0.00384766,-9.9e+37,290.386,287.881,290.414,291.786,66.7970024049282,NaN,-0.0156880194410292,-7.9715736529015,-80.0510876658591,168.529286279104,25.158868,-9.9e+37,290.386,291.786,290.414,291.786,-0.21166046823769
20230608092933.1,67.6450062543154,2.2465639,1.741981,1.9993868,1.9964017,-3.005e-05,1.53e-06,-0.002058514,-0.008076909,1.2577898,-0.005549174,-9.9e+37,290.388,287.821,290.457,291.767,67.6450062543154,NaN,-0.0159927635129824,-7.95775647491246,-79.3565895814863,171.56709928802,25.155796,-9.9e+37,290.388,291.767,290.457,291.767,-0.158386712558472
20230608092934,68.5040038079023,2.2464213,2.0599024,1.9985308,1.9963797,5.245e-06,2.3822e-05,0.017675475,-0.000223575,1.2578008,0.006666397,-9.9e+37,290.361,287.742,290.46,291.811,68.5040038079023,NaN,-0.0163885422439503,-9.04284861792848,-79.6348948247651,203.35885216366,25.156016,-9.9e+37,290.361,291.811,290.46,291.811,-0.0903276695429029
20230608092934.9,69.367004558444,2.2464103,1.6439861,1.9984979,1.9964126,3.497e-06,1.7156e-05,0.004295687,0.007069838,1.2578008,0.004607884,-9.9e+37,290.38,287.682,290.468,291.797,69.367004558444,NaN,-0.016419072160085,-9.08455367809802,-79.2187019836783,161.767728613781,25.156016,-9.9e+37,290.38,291.797,290.468,291.797,-0.0750230482031157
20230608092935.7,70.2270079404116,2.2463664,1.7486867,1.9984759,1.9964346,7.758e-06,-2.19e-07,-0.00116279,0.008994271,1.2578008,0.002102549,-9.9e+37,290.38,287.647,290.476,291.786,70.2270079404116,NaN,-0.0165409142799273,-9.11244156027806,-78.940396740396,172.237661122669,25.156016,-9.9e+37,290.38,291.786,290.476,291.786,-0.0550284780465321
20230608092936.6,71.0740059614182,2.2463554,1.6327478,1.9982674,1.9965663,6.994e-06,-1.421e-06,-0.018749738,-0.004922487,1.2578008,-0.011142494,-9.9e+37,290.399,287.704,290.425,291.781,71.0740059614182,NaN,-0.0165714441960603,-9.37674262548717,-77.2743603521994,160.643912298357,25.156016,-9.9e+37,290.399,291.781,290.425,291.781,-0.046933480582752
20230608092937.4,71.9420056790113,2.2464213,1.6022047,1.9977845,1.9964785,3.7372e-05,3.606e-06,0.006756985,0.006220337,1.2578117,0.003221191,-9.9e+37,290.405,287.682,290.408,291.791,71.9420056790113,NaN,-0.0163885422439503,-9.98888163934498,-78.3850512776626,157.58963948987,25.156234,-9.9e+37,290.405,291.791,290.408,291.791,-0.0766599901986741
20230608092938.3,72.805006429553,2.2464213,1.730611,1.9978064,1.9964675,2.6117e-05,2.404e-06,-0.003400621,-0.007025144,1.2578337,-0.001522303,-9.9e+37,290.413,287.721,290.4,291.789,72.805006429553,NaN,-0.0163885422439503,-9.96112052026547,-78.5242038993019,170.430113132964,25.156674,-9.9e+37,290.413,291.789,290.4,291.789,-0.0798081967797386
20230608092939.1,73.6490070819855,2.2463774,1.6779864,1.9978503,1.9965114,-3.6388e-05,1.748e-06,4.37e-07,-0.028255398,1.2578556,-0.00751808,-9.9e+37,290.397,287.781,290.46,291.764,73.6490070819855,NaN,-0.0165103843637935,-9.90547151900546,-77.9688584365722,165.167717212527,25.157112,-9.9e+37,290.397,291.764,290.46,291.764,-0.0569121250195244
20230608092940,74.5080046355724,2.2461579,1.7420579,1.9978833,1.9963687,-4.0541e-05,1.202e-06,0.010604978,-0.014990372,1.2578556,-0.001745332,-9.9e+37,290.408,287.854,290.441,291.8,74.5080046355724,NaN,-0.0171195949630061,-9.86363969573495,-79.7740474464081,171.574789194381,25.157112,-9.9e+37,290.408,291.8,290.441,291.8,0.0535869903246294
20230608092940.9,75.3629989922047,2.2462127,1.7199764,1.9978064,1.9962919,-3.6279e-05,2.076e-06,0.002864082,0.005772859,1.2578666,0.001118751,-9.9e+37,290.41,287.925,290.452,291.781,75.3629989922047,NaN,-0.016967500471722,-9.96112052026547,-80.7455857502318,169.366666082431,25.157332,-9.9e+37,290.41,291.781,290.452,291.781,0.0257513439266822
20230608092941.7,76.2150060385466,2.2460042,1.826916,1.9978064,1.9964346,5.1031e-05,2.732e-06,0.004027307,0.02482061,1.2578666,0.008680544,-9.9e+37,290.372,287.909,290.465,291.802,76.2150060385466,NaN,-0.0175461811548017,-9.96112052026547,-78.940396740396,180.060495864949,25.157332,-9.9e+37,290.372,291.802,290.465,291.802,0.135882941078281
20230608092942.6,77.0740035921335,2.2460701,1.6489797,1.9977845,1.9964126,2.95e-06,6.338e-06,-0.004654546,0.011365745,1.2580422,0.005413565,-9.9e+37,290.391,288.091,290.482,291.797,77.0740035921335,NaN,-0.0173632792026917,-9.98888163934498,-79.2187019836783,162.267082533208,25.160844,-9.9e+37,290.391,291.797,290.482,291.797,0.0961935612280003
20230608092943.4,77.9300037771463,2.2458945,1.7196252,1.9978394,1.9963578,4.9611e-05,1.748e-06,-0.002327657,-0.010292119,1.2580861,4.3382e-05,-9.9e+37,290.353,288.151,290.449,291.772,77.9300037771463,NaN,-0.0178506476820619,-9.91928869699495,-79.9119350442197,169.331546510078,25.161722,-9.9e+37,290.353,291.772,290.449,291.772,0.187729644282326
20230608092944.3,78.7740044295788,2.2461908,1.7663672,1.9977845,1.9964017,9.835e-06,-1.5626e-05,-0.008994706,-0.008188697,1.2581081,-0.008547009,-9.9e+37,290.413,288.233,290.435,291.772,78.7740044295788,NaN,-0.0170282827592976,-9.98888163934498,-79.3565895814863,174.005689593598,25.162162,-9.9e+37,290.413,291.772,290.435,291.772,0.0374454523861844
20230608092945.1,79.6250056475401,2.2461469,1.6544562,1.9978174,1.9964456,1.7156e-05,-2.5024e-05,0.003893228,-0.010515806,1.2580971,-0.002684874,-9.9e+37,290.405,288.206,290.435,291.775,79.6250056475401,NaN,-0.0171501248791408,-9.94717657917545,-78.8012441187529,162.814725864621,25.161942,-9.9e+37,290.405,291.775,290.435,291.775,0.0579371816950625
20230608092946,80.4880063980818,2.2461249,1.7549753,1.9978064,1.9964346,2.9286e-05,2.404e-06,0.005279813,-0.017007358,1.2580751,-0.001969453,-9.9e+37,290.413,288.277,290.416,291.767,80.4880063980818,NaN,-0.0172111847114076,-9.96112052026547,-78.940396740396,172.866513465209,25.161502,-9.9e+37,290.413,291.767,290.416,291.767,0.0710330087795523
20230608092946.8,81.3440065830946,2.246092,1.6761426,1.9977735,1.9965224,8.305e-06,1.53e-06,0.013346564,-0.024164497,1.2580971,-0.001790025,-9.9e+37,290.386,288.323,290.493,291.767,81.3440065830946,NaN,-0.0173024969151161,-10.002825580435,-77.8297058149328,164.983339457673,25.161942,-9.9e+37,290.386,291.767,290.493,291.767,0.0860425452214927
20230608092947.7,82.1960035711527,2.246081,1.8337314,1.998421,1.9964565,1.1802e-05,9.83e-07,0.010067783,-0.030966056,1.2580642,-0.002551123,-9.9e+37,290.405,288.37,290.484,291.759,82.1960035711527,NaN,-0.017333026831249,-9.18203450262808,-78.6633565209449,180.742027566019,25.161284,-9.9e+37,290.405,291.759,290.484,291.759,0.0931751140222324
20230608092948.5,83.047004789114,2.2461359,1.7466344,1.9985088,1.9964456,1.06e-05,-2.3275e-05,0.003893119,-0.031045717,1.258119,-0.010516352,-9.9e+37,290.418,288.386,290.441,291.77,83.047004789114,NaN,-0.0171806547952738,-9.07073650010852,-78.8012441187529,172.032433621699,25.16238,-9.9e+37,290.418,291.77,290.441,291.77,0.0624156861478498
20230608092949.4,83.9220050722361,2.2461908,1.8381543,1.9984759,1.9964236,4.6442e-05,4.152e-06,0.015168936,-0.023134806,1.2581849,-0.001432261,-9.9e+37,290.388,288.331,290.435,291.778,83.9220050722361,NaN,-0.0170282827592976,-9.11244156027806,-79.0795493620353,181.184312180373,25.163698,-9.9e+37,290.388,291.778,290.435,291.778,0.0353738349278227
20230608092950.3,84.7850058227777,2.2461469,1.6644872,1.9982454,1.9964675,-1.3878e-05,1.4424e-05,0.013647837,-0.017765504,1.25813,-0.00881648,-9.9e+37,290.386,288.43,290.495,291.772,84.7850058227777,NaN,-0.0171501248791408,-9.40463050766721,-78.5242038993019,163.817813650141,25.1626,-9.9e+37,290.386,291.772,290.495,291.772,0.056446006334549
20230608092951.1,85.6449991464615,2.246114,1.9150774,1.9978174,1.9963358,-2.7428e-05,1.421e-06,0.012036691,-0.010596559,1.2580971,-0.002461845,-9.9e+37,290.421,288.315,290.468,291.789,85.6449991464615,NaN,-0.0172414370828493,-9.94717657917545,-80.1902402874985,188.876528513177,25.161942,-9.9e+37,290.421,291.789,290.468,291.789,0.0800485629145423
20230608092952,86.5040067583323,2.2460371,1.6843628,1.9984869,1.9964346,-2.71e-05,9.83e-07,0.004653124,0.009076336,1.2578886,0.001028053,-9.9e+37,290.405,288.258,290.465,291.805,86.5040067583323,NaN,-0.0174548689510923,-9.09849761918804,-78.940396740396,165.805349448156,25.157772,-9.9e+37,290.405,291.805,290.465,291.805,0.111103487259495
20230608092952.9,87.3750038444996,2.2461359,1.6912002,1.9984649,1.9964785,9.07e-06,-4.262e-06,-0.008413476,0.014631196,1.2578995,0.001789367,-9.9e+37,290.421,288.16,290.419,291.786,87.3750038444996,NaN,-0.0171806547952738,-9.12638550136808,-78.3850512776626,166.489081122438,25.15799,-9.9e+37,290.421,291.786,290.419,291.786,0.0615755990567111
20230608092953.7,88.2310040295124,2.2461249,1.7140938,1.9977625,1.9964126,1.2348e-05,-2.0216e-05,-0.008189352,0.022104595,1.2579654,0.002952704,-9.9e+37,290.424,288.051,290.416,291.805,88.2310040295124,NaN,-0.0172111847114076,-10.016769521525,-79.2187019836783,168.778413245515,25.159308,-9.9e+37,290.424,291.805,290.416,291.805,0.0703594423197792
20230608092954.6,89.0859983861446,2.2461579,1.8448709,1.9984759,1.9963907,9.179e-06,-1.2567e-05,-0.015393922,0.001520443,1.2579325,-0.001521866,-9.9e+37,290.418,288.042,290.408,291.802,89.0859983861446,NaN,-0.0171195949630061,-9.11244156027806,-79.4957422031257,181.855964001749,25.15865,-9.9e+37,290.418,291.802,290.408,291.802,0.0527303032314602
20230608092955.4,89.9489991366863,2.2460591,1.7815784,1.9978394,1.9963687,1.0818e-05,-1.956e-05,-0.004654546,0.000223247,1.2579325,0.000984015,-9.9e+37,290.421,288.023,290.403,291.789,89.9489991366863,NaN,-0.0173938091188246,-9.91928869699495,-79.7740474464081,175.526791071328,25.15865,-9.9e+37,290.421,291.789,290.403,291.789,0.10552020608304
20230608092956.3,90.8090025186539,2.2460481,1.6752755,1.998454,1.9964785,1.3769e-05,-2.4368e-05,-0.005727838,-0.005907375,1.2579434,0.000849389,-9.9e+37,290.413,288.081,290.395,291.781,90.8090025186539,NaN,-0.0174243390349593,-9.14020267935757,-78.3850512776626,164.896630513518,25.158868,-9.9e+37,290.413,291.781,290.395,291.781,0.105397505150088
20230608092957.2,91.6760064661503,2.2460591,1.8272562,1.9985198,1.9963578,-2.0981e-05,2.404e-06,0.002863099,-0.014319866,1.2578995,-0.002417261,-9.9e+37,290.388,288.135,290.468,291.797,91.6760064661503,NaN,-0.0173938091188246,-9.0567925590185,-79.9119350442197,180.094515450697,25.15799,-9.9e+37,290.388,291.797,290.468,291.797,0.104098457668622
20230608092958,92.5430003553629,2.2461249,1.7518584,1.9984759,1.9965114,1.1802e-05,-1.9232e-05,0.000849171,-0.007070384,1.2578776,0.000178773,-9.9e+37,290.418,288.149,290.411,291.797,92.5430003553629,NaN,-0.0172111847114076,-9.11244156027806,-77.9688584365722,172.554827260575,25.157552,-9.9e+37,290.418,291.797,290.411,291.797,0.0682856496651381
20230608092958.9,93.4100043028593,2.246114,1.7226542,1.9984869,1.9965114,1.355e-05,2.295e-06,0.00384766,0.002773822,1.2578447,0.003936938,-9.9e+37,290.383,288.239,290.46,291.819,93.4100043028593,NaN,-0.0172414370828493,-9.09849761918804,-77.9688584365722,169.634442821746,25.156894,-9.9e+37,290.383,291.819,290.46,291.819,0.0732099379233309
20230608092959.8,94.2740008234978,2.246081,1.5745041,1.9985308,1.9964565,3.934e-06,5.901e-06,0.006442931,-0.009844969,1.2578666,0.001111757,-9.9e+37,290.375,288.315,290.468,291.813,94.2740008234978,NaN,-0.017333026831249,-9.04284861792848,-78.6633565209449,154.819613220148,25.157332,-9.9e+37,290.375,291.813,290.468,291.813,0.085820960885814
20230608093000.6,95.1370015740395,2.246114,1.7616041,1.9985088,1.9964017,5.0594e-05,2.295e-06,0.002460641,-0.024612194,1.2578666,-0.001701731,-9.9e+37,290.372,288.402,290.435,291.8,95.1370015740395,NaN,-0.0172414370828493,-9.07073650010852,-79.3565895814863,173.529385393497,25.157332,-9.9e+37,290.372,291.8,290.435,291.8,0.0739547565389078
20230608093001.5,95.9959991276264,2.2465529,1.682991,1.9993759,1.9964675,8.851e-06,-1.0053e-05,-0.00425187,-0.015707103,1.2578776,-0.013156858,-9.9e+37,290.418,288.539,290.408,291.764,95.9959991276264,NaN,-0.0160232934291153,-7.9715736529015,-78.5242038993019,165.66817111856,25.157552,-9.9e+37,290.418,291.764,290.408,291.764,-0.150140660740091
20230608093002.3,96.8519993126392,2.2465639,2.0366137,1.9994198,1.9963687,2.1746e-05,-1.9451e-05,0.010604431,-0.006310272,1.2578666,0.00040213,-9.9e+37,290.418,288.623,290.405,291.811,96.8519993126392,NaN,-0.0159927635129824,-7.91592465164194,-79.7740474464081,201.030010521685,25.157332,-9.9e+37,290.418,291.811,290.405,291.811,-0.171580548785642
20230608093003.2,97.7070037275553,2.2464652,1.7822479,1.9993978,1.9964017,1.3659e-05,2.513e-06,0.008136575,-0.017183836,1.257702,-0.0001355,-9.9e+37,290.391,288.724,290.463,291.802,97.7070037275553,NaN,-0.0162667001241088,-7.94381253382244,-79.3565895814863,175.593740256096,25.15404,-9.9e+37,290.391,291.802,290.463,291.802,-0.10988753531559
20230608093004.1,98.5670071095228,2.2463115,1.6960072,1.9985857,1.9964236,8.96e-06,2.076e-06,0.010351241,-0.022687438,1.2578556,-0.001342984,-9.9e+37,290.383,288.836,290.476,291.805,98.5670071095228,NaN,-0.0166932863159035,-8.97325567557846,-79.0795493620353,166.969775269083,25.157112,-9.9e+37,290.383,291.805,290.476,291.805,-0.027113248305416
20230608093004.9,99.4420073926449,2.2463335,1.7712072,1.9985198,1.9964785,-8.414e-06,1.53e-06,0.008412385,-0.020137086,1.2578447,-0.00832398,-9.9e+37,290.386,288.967,290.484,291.772,99.4420073926449,NaN,-0.0166322264836358,-9.0567925590185,-78.3850512776626,174.48968370006,25.156894,-9.9e+37,290.386,291.772,290.484,291.772,-0.038721322763041
20230608093005.8,100.317007675767,2.2466188,1.8072161,1.998871,1.9964565,-2.0434e-05,8.74e-07,0.01230485,-0.00265843,1.2577898,-0.003401932,-9.9e+37,290.402,289.043,290.487,291.802,100.317007675767,NaN,-0.0158403914770062,-8.6116005489398,-78.6633565209449,178.090529852989,25.155796,-9.9e+37,290.402,291.802,290.487,291.802,-0.187430659060701
20230608093006.7,101.18400156498,2.2465529,2.0907199,1.99931,1.9964456,2.1418e-05,-1.5298e-05,0.001789476,0.01096296,1.2578886,0.005368871,-9.9e+37,290.438,289.111,290.4,291.819,101.18400156498,NaN,-0.0160232934291153,-8.055110536342,-78.8012441187529,206.440564638017,25.157772,-9.9e+37,290.438,291.819,290.4,291.819,-0.167307014962346
20230608093007.5,102.042999118567,2.2465859,1.6448861,1.9992771,1.9964565,1.06e-05,3.278e-06,-0.014677738,-9.0261e-05,1.2578556,-0.007105461,-9.9e+37,290.429,289.21,290.425,291.813,102.042999118567,NaN,-0.0159317036807147,-8.09681559651153,-78.6633565209449,161.857727517875,25.157112,-9.9e+37,290.429,291.813,290.425,291.813,-0.164163069610066
20230608093008.4,102.895006164908,2.2466298,1.7489391,1.9993539,1.9964017,-1.2676e-05,8.74e-07,0.009978287,0.006110298,1.2578556,-0.000223794,-9.9e+37,290.408,289.261,290.468,291.802,102.895006164908,NaN,-0.0158098615608724,-7.99946153508199,-79.3565895814863,172.262900815328,25.157112,-9.9e+37,290.408,291.802,290.468,291.802,-0.191799286634268
20230608093009.3,103.766003251076,2.2465859,1.73589,1.9994307,1.9964785,4.043e-06,3.497e-06,-0.002640618,0.005369855,1.2578886,0.001341889,-9.9e+37,290.432,289.294,290.403,291.838,103.766003251076,NaN,-0.0159317036807147,-7.90210747365245,-78.3850512776626,170.958006704867,25.157772,-9.9e+37,290.432,291.838,290.403,291.838,-0.169320779260679
20230608093010.1,104.621007665992,2.2465639,1.7598372,1.9993649,1.9964565,5.354e-06,1.421e-06,-0.008231969,0.014811281,1.2579105,0.002106483,-9.9e+37,290.427,289.289,290.386,291.821,104.621007665992,NaN,-0.0159927635129824,-7.98551759399197,-78.6633565209449,173.352697545004,25.15821,-9.9e+37,290.427,291.821,290.386,291.821,-0.159106788699818
20230608093011,105.48500418663,2.2466517,1.9697324,1.9993649,1.9963358,8.305e-06,2.513e-06,-0.012172622,0.019330001,1.2578995,0.002773275,-9.9e+37,290.429,289.264,290.4,291.835,105.48500418663,NaN,-0.0157490792732968,-7.98551759399197,-80.1902402874985,194.34196196125,25.15799,-9.9e+37,290.429,291.835,290.4,291.835,-0.215471647958996
20230608093011.8,106.356001272798,2.2464871,1.9206197,1.9993759,1.9964675,2.109e-05,-1.1474e-05,-0.007875953,0.016287362,1.2578886,0.009978069,-9.9e+37,290.435,289.204,290.392,291.841,106.356001272798,NaN,-0.0162059178365332,-7.9715736529015,-78.5242038993019,189.430751764467,25.157772,-9.9e+37,290.435,291.841,290.392,291.841,-0.125658328823957
20230608093012.7,107.226998358965,2.2463444,1.6025779,1.9996612,1.9964346,4.699e-06,3.169e-06,-0.012221796,-0.010829642,1.2579325,-0.002864849,-9.9e+37,290.413,289.248,290.425,291.819,107.226998358965,NaN,-0.016601974112195,-7.6099185262633,-78.940396740396,157.626959035435,25.15865,-9.9e+37,290.413,291.819,290.425,291.819,-0.0464662536670541
20230608093013.6,108.094002306461,2.2463554,1.6838361,2.0002868,1.9964017,3.2892e-05,3.278e-06,0.003848098,-0.00046529,1.2579325,0.006397691,-9.9e+37,290.413,289.272,290.416,291.827,108.094002306461,NaN,-0.0165714441960603,-6.8168885675359,-79.3565895814863,165.752680089505,25.15865,-9.9e+37,290.413,291.827,290.416,291.827,-0.0555863004998137
20230608093014.4,108.957003057003,2.2464871,1.8475159,1.9994198,1.9964236,1.1146e-05,-1.858e-06,-0.01825844,-0.012888589,1.2579215,-0.007742857,-9.9e+37,290.438,289.234,290.408,291.813,108.957003057003,NaN,-0.0162059178365332,-7.91592465164194,-79.0795493620353,182.120460781003,25.15843,-9.9e+37,290.438,291.813,290.408,291.813,-0.123391421960901
