20230610135911.3,0,9.7722569,1.7293928,2.0113934,2.0261765,-2.076e-06,-1.508e-05,-0.000222701,-0.00040213,1.2315049,-0.000357873,-9.9e+37,293.306,291.744,293.271,292.947,0,NaN,20.9206411841145,17.7231497129305,0.0372003534750807,170.308294616333,24.630098,-9.9e+37,293.306,292.947,293.271,292.947,-0.1408018033103
20230610135913,1.75000056624413,9.7728605,1.8065356,2.0104934,2.0262314,1.0053e-05,9.835e-06,0.014678621,-0.010514931,1.2315378,0.000896487,-9.9e+37,293.317,291.75,293.301,292.917,1.75000056624413,NaN,20.9223191293768,16.6023125974107,0.0372690817114396,178.022480681615,24.630756,-9.9e+37,293.317,292.917,293.301,292.917,-0.533183240765134
20230610135914,2.71500237286091,9.7729154,1.6166806,2.0104495,2.0261985,9.725e-06,1.748e-06,0.011287505,-0.010916515,1.2315159,0.000375248,-9.9e+37,293.319,291.69,293.284,292.92,2.71500237286091,NaN,20.9224717456705,16.547640653665,0.0372278948448419,159.037211862955,24.630318,-9.9e+37,293.319,292.92,293.284,292.92,-0.535565231884236
20230610135914.9,3.65200191736221,9.7728934,1.673772,2.0105044,2.0261546,8.851e-06,1.3769e-05,0.009264725,-0.011588223,1.2315488,-0.002102442,-9.9e+37,293.33,291.717,293.298,292.909,3.65200191736221,NaN,20.9224105879572,16.6160117177114,0.0371729372933638,164.746282344289,24.630976,-9.9e+37,293.33,292.909,293.298,292.909,-0.529165823789915
20230610135916.6,5.30500039458275,9.7728605,1.5600279,2.0105154,2.0261656,2.4696e-05,-3.28e-07,0.005058313,-0.008186074,1.2315378,-0.002728693,-9.9e+37,293.311,291.679,293.211,292.904,5.30500039458275,NaN,20.9223191293768,16.6297108380122,0.0371867079782446,153.372010847428,24.630756,-9.9e+37,293.311,292.904,293.211,292.904,-0.491340049332027
20230610135917.7,6.41399659216404,9.7726739,1.6096786,2.0105154,2.0262314,5.46e-07,-9.398e-06,-0.00393694,-0.007426945,1.2315378,-0.01239434,-9.9e+37,293.325,291.706,293.211,292.901,6.41399659216404,NaN,20.9218004007718,16.6297108380122,0.0372690817114396,158.337020389103,24.630756,-9.9e+37,293.325,292.901,293.211,292.901,-0.387896028816566
20230610135918.6,7.26999677717686,9.7727837,1.6262178,2.0105044,2.0262204,2.1418e-05,0,0.018079028,-0.005815803,1.2315817,0.000582432,-9.9e+37,293.284,291.681,293.238,292.912,7.26999677717686,NaN,20.9221056333593,16.6160117177114,0.0372553110265592,159.990920249763,24.631634,-9.9e+37,293.284,292.912,293.238,292.912,-0.457308154178359
20230610135919.4,8.13700072467327,9.7728824,1.606024,2.0104934,2.0262204,4.371e-06,3.606e-06,-0.00396404,-0.046490636,1.2315488,-0.008527558,-9.9e+37,293.322,291.72,293.197,292.89,8.13700072467327,NaN,20.9223800091005,16.6023125974107,0.0372553110265592,157.971564839211,24.630976,-9.9e+37,293.322,292.89,293.197,292.89,-0.515118485297594
20230610135920.3,9.00399461388588,9.7728495,1.7375581,2.0104934,2.0261765,7.321e-06,1.049e-05,0.037903514,0.003179011,1.2315708,0.006131934,-9.9e+37,293.273,291.673,293.23,292.923,9.00399461388588,NaN,20.9222885505201,16.6023125974107,0.0372003534750807,171.124814673666,24.631416,-9.9e+37,293.273,292.923,293.23,292.923,-0.512412794092521
20230610135921.2,9.86699536442757,9.7724764,1.7499817,2.0104166,2.0261107,1.9232e-05,6.56e-07,-8.7419e-05,-0.006711636,1.2315708,0.000448899,-9.9e+37,293.3,291.668,293.192,292.915,9.86699536442757,NaN,20.9212513712998,16.5066678302196,0.0371179797418852,172.367159545782,24.631416,-9.9e+37,293.3,292.915,293.192,292.915,-0.269261509315287
20230610135922.1,10.7729952782393,9.7727946,1.8870365,2.0109763,2.0260778,1.421e-06,-4.48e-06,-0.010290808,-0.01154353,1.2315817,-0.009485675,-9.9e+37,293.347,291.651,293.175,292.923,10.7729952782393,NaN,20.9221359342264,17.2037039786151,0.037076792875288,186.072472657829,24.631634,-9.9e+37,293.347,292.923,293.175,292.923,-0.496302965961897
20230610135922.9,11.6209991276264,9.7728495,1.6583303,2.0114373,2.0262095,1.9014e-05,1.858e-06,0.008861503,-0.006927344,1.2315488,0.001208683,-9.9e+37,293.287,291.613,293.194,292.934,11.6209991276264,NaN,20.9222885505201,17.7778216566758,0.0372416655297232,163.202131147233,24.630976,-9.9e+37,293.287,292.934,293.194,292.934,-0.511489570435768
20230610135923.8,12.481002509594,9.7721142,1.7896672,2.0113824,2.0262204,9.944e-06,8.633e-06,0.011948944,-0.009440544,1.2315927,0.00183559,-9.9e+37,293.289,291.649,293.211,292.915,12.481002509594,NaN,20.9202444929466,17.7094505926293,0.0372553110265592,176.335661221813,24.631854,-9.9e+37,293.289,292.915,293.211,292.915,-0.0529314094662827
20230610135924.6,13.3400000631809,9.7721801,1.5971343,2.0113934,2.0262095,2.0653e-05,1.202e-06,0.003670527,-0.031591103,1.2315708,-0.001833297,-9.9e+37,293.268,291.619,293.194,292.923,13.3400000631809,NaN,20.920427688097,17.7231497129305,0.0372416655297232,157.082605663961,24.631416,-9.9e+37,293.268,292.923,293.194,292.923,-0.0899391631614821
20230610135925.5,14.1879938542843,9.7723337,1.5861155,2.0113934,2.0253205,-7.868e-06,5.245e-06,0.000493701,-0.013853483,1.2315598,-0.005861152,-9.9e+37,293.295,291.63,293.2,292.92,14.1879938542843,NaN,20.920854680132,17.7231497129305,0.0361287438152771,155.980739081258,24.631196,-9.9e+37,293.295,292.92,293.2,292.92,-0.132376969373343
20230610135926.3,15.0389950722456,9.7720923,1.5270045,2.0113934,2.0251998,8.196e-06,-1.09e-07,0.018095091,-0.005413346,1.2315598,0.002910305,-9.9e+37,293.292,291.583,293.202,292.945,15.0389950722456,NaN,20.9201836132229,17.7231497129305,0.0359776418457232,150.069711059137,24.631196,-9.9e+37,293.292,292.945,293.202,292.945,0.0220098269433239
20230610135927.2,15.905999019742,9.7723666,1.582845,2.0120189,2.0252437,6.666e-06,-6.775e-06,-0.008008831,-0.006710216,1.2315598,-0.003488915,-9.9e+37,293.298,291.567,293.156,292.928,15.905999019742,NaN,20.9209461387124,18.5021315082163,0.0360325993972013,155.653693063658,24.631196,-9.9e+37,293.298,292.928,293.156,292.928,-0.153854221684532
20230610135928.1,16.8129947036505,9.7723337,1.5693017,2.0115909,2.0258363,2.95e-06,5.245e-06,0.008906196,-0.00899263,1.2315927,-0.004607886,-9.9e+37,293.295,291.58,293.2,292.928,16.8129947036505,NaN,20.920854680132,17.9691111910579,0.0367744637481353,154.299379554971,24.631854,-9.9e+37,293.295,292.928,293.2,292.928,-0.163135631610756
20230610135929,17.6720023155212,9.7722349,1.5605986,2.0114373,2.0262204,1.967e-06,4.262e-06,0.009444045,-0.003712818,1.2315708,-0.000356344,-9.9e+37,293.292,291.526,293.208,292.934,17.6720023155212,NaN,20.9205800264012,17.7778216566758,0.0372553110265592,153.429080152502,24.631416,-9.9e+37,293.292,292.934,293.208,292.934,-0.123207675861327
20230610135929.8,18.5349930077791,9.7720264,1.6559927,2.0113824,2.0262204,8.523e-06,2.295e-06,0.012485808,0.025276616,1.2315817,0.009912395,-9.9e+37,293.278,291.49,293.194,292.947,18.5349930077791,NaN,20.9200004180725,17.7094505926293,0.0372553110265592,162.968373993666,24.631634,-9.9e+37,293.278,292.947,293.194,292.947,0.00408103651944042
20230610135930.7,19.3949963897467,9.7721142,1.6367537,2.0113934,2.0260448,8.742e-06,2.076e-06,-0.003801877,0.003223595,1.2315817,0.000224996,-9.9e+37,293.284,291.474,293.194,292.939,19.3949963897467,NaN,20.9202444929466,17.7231497129305,0.0370354808206463,161.04449742048,24.631634,-9.9e+37,293.284,292.939,293.194,292.939,-0.0403905894598656
20230610135931.5,20.245997607708,9.7723996,1.6628959,2.0114373,2.0262095,2.076e-06,2.185e-06,-0.006672735,-0.009798418,1.2315598,-0.010157165,-9.9e+37,293.292,291.458,293.192,292.912,20.245997607708,NaN,20.9210378752824,17.7778216566758,0.0372416655297232,163.658685587824,24.631196,-9.9e+37,293.292,292.912,293.192,292.912,-0.229934555026263
20230610135932.4,21.1089983582497,9.772191,1.6215754,2.0113824,2.0261875,2.623e-06,3.497e-06,0.004074186,0.002463373,1.2318342,-0.001699109,-9.9e+37,293.287,291.455,293.175,292.928,21.1089983582497,NaN,20.9204579889641,17.7094505926293,0.0372141241599611,159.526685902689,24.636684,-9.9e+37,293.287,292.928,293.175,292.928,-0.0959948915422567
20230610135933.3,21.9729948788881,9.7721691,1.5910213,2.0114263,2.0261656,6.775e-06,1.1802e-05,0.013918618,0.017184724,1.2318012,0.007787552,-9.9e+37,293.248,291.439,293.2,292.961,21.9729948788881,NaN,20.9203971092404,17.7641225363755,0.0371867079782446,156.471313107597,24.636024,-9.9e+37,293.248,292.961,293.2,292.961,-0.0807916936311237
20230610135934.2,22.8750016540289,9.7722898,1.5511602,2.0107678,2.0254193,4.699e-06,-3.388e-06,-0.014452306,0.00447599,1.2318122,0.000448134,-9.9e+37,293.336,291.42,293.178,292.964,22.8750016540289,NaN,20.9207326426949,16.9440433801869,0.0362524296031141,152.485251645389,24.636244,-9.9e+37,293.336,292.964,293.178,292.964,-0.104074434438952
20230610135935,23.7339992076159,9.7722349,1.6533258,2.0105044,2.0253534,1.3331e-05,0,0.001165083,0.00711617,1.2318012,0.002731095,-9.9e+37,293.295,291.428,293.2,292.947,23.7339992076159,NaN,20.9205800264012,16.6160117177114,0.0361699306818748,162.701687241078,24.636024,-9.9e+37,293.295,292.947,293.2,292.947,-0.0667389233003595
20230610135935.9,24.5979957282543,9.7720154,1.7274173,2.0104824,2.0252217,4.043e-06,3.169e-06,-0.010727033,-0.029586688,1.2315817,-0.005707075,-9.9e+37,293.3,291.458,293.164,292.934,24.5979957282543,NaN,20.9199698392158,16.5886134771099,0.03600505802744,170.110747021847,24.631634,-9.9e+37,293.3,292.934,293.164,292.934,0.0803049622120712
20230610135936.7,25.4449937492609,9.7723227,1.5469458,2.0105263,2.0253095,8.414e-06,2.076e-06,0.015730063,0.005729258,1.2315159,0.004649845,-9.9e+37,293.257,291.447,293.194,292.936,25.4449937492609,NaN,20.9208241012753,16.6432854208556,0.0361149731303967,152.063816777151,24.630318,-9.9e+37,293.257,292.936,293.194,292.936,-0.11532561285881
20230610135937.6,26.3239972293377,9.7722679,1.6149356,2.0096264,2.0253205,-6.666e-06,4.262e-06,-0.005994795,-0.008833526,1.2315378,-0.003533608,-9.9e+37,293.259,291.504,293.2,292.942,26.3239972293377,NaN,20.9206717629712,15.522572842794,0.0361287438152771,158.862713987795,24.630756,-9.9e+37,293.259,292.942,293.2,292.942,-0.0760421992171157
20230610135938.5,27.1910011768341,9.7721142,1.8040663,2.0096374,2.0251449,8.196e-06,1.093e-06,0.007743296,0.001477935,1.2317903,0.003402477,-9.9e+37,293.259,291.452,293.213,292.947,27.1910011768341,NaN,20.9202444929466,15.5362719630944,0.0359089136093642,177.775553688416,24.635806,-9.9e+37,293.259,292.947,293.213,292.947,0.030771501711025
20230610135939.3,28.0590008944273,9.7727727,1.8372983,2.0096154,2.0252656,3.715e-06,3.934e-06,-0.017360314,-0.008500021,1.2318122,-0.00960085,-9.9e+37,293.273,291.477,293.175,292.961,28.0590008944273,NaN,20.9220750545027,15.5088737224928,0.0360600155789181,181.098713222701,24.636244,-9.9e+37,293.273,292.961,293.175,292.961,-0.410815349989806
20230610135940.2,28.9609976112843,9.7725752,1.6679553,2.0095825,2.0253644,4.917e-06,1.1255e-05,0.015261273,0.005953271,1.2317683,0.003670636,-9.9e+37,293.246,291.474,293.205,292.939,28.9609976112843,NaN,20.9215260250307,15.4679008990479,0.0361837013667552,164.164619427129,24.635366,-9.9e+37,293.246,292.939,293.205,292.939,-0.272579381932298
20230610135941.1,29.8090014606714,9.7727617,1.6246154,2.0095935,2.0252985,7.54e-06,1.093e-06,0.002507957,0.015391637,1.2317464,0.004476427,-9.9e+37,293.268,291.447,293.192,292.961,29.8090014606714,NaN,20.922044475646,15.4816000193482,0.0361012024455158,159.830682200962,24.634928,-9.9e+37,293.268,292.961,293.192,292.961,-0.380835139767667
20230610135942,30.675995349884,9.7727069,1.5684676,2.0095935,2.0252985,4.152e-06,-4.37e-07,-0.025549768,-0.006038832,1.2315269,-0.008768836,-9.9e+37,293.289,291.477,293.178,292.953,30.675995349884,NaN,20.9218921373419,15.4816000193482,0.0361012024455158,154.215970570632,24.630538,-9.9e+37,293.289,292.953,293.178,292.953,-0.340699212667646
20230610135942.9,31.5660025924444,9.7720703,1.568292,2.0095715,2.0252766,-2.513e-06,3.825e-06,0.00299991,0.001412261,1.2315049,-0.00013244,-9.9e+37,293.278,291.477,293.2,292.936,31.5660025924444,NaN,20.9201224555096,15.4542017787467,0.036073786263799,154.198410784455,24.630098,-9.9e+37,293.278,292.936,293.2,292.936,0.0484527307087052
20230610135943.7,32.4259959161282,9.7723008,1.5685664,2.0089569,2.0252766,5.573e-06,5.464e-06,0.011636747,0.007161737,1.2315488,0.010293325,-9.9e+37,293.265,291.452,293.196,292.962,32.4259959161282,NaN,20.9207632215516,14.6887945663043,0.036073786263799,154.225850450326,24.630976,-9.9e+37,293.265,292.962,293.196,292.962,-0.086136644548637
20230610135944.6,33.2969930022955,9.7723227,1.8281671,2.008913,2.0253534,4.152e-06,9.83e-07,-0.018658384,0.000449227,1.2317573,-0.003130714,-9.9e+37,293.303,291.46,293.185,292.949,33.2969930022955,NaN,20.9208241012753,14.6341226225591,0.0361699306818748,180.185604341518,24.635146,-9.9e+37,293.303,292.949,293.185,292.949,-0.111832319203668
20230610135945.5,34.1639969497919,9.7728605,1.6397608,2.008935,2.0253095,-2.732e-06,3.715e-06,-0.002593302,0.000225979,1.2317573,-0.002236194,-9.9e+37,293.27,291.501,293.22,292.96,34.1639969497919,NaN,20.9223191293768,14.6615208631606,0.0361149731303967,161.345203758815,24.635146,-9.9e+37,293.27,292.96,293.22,292.96,-0.438486483279312
20230610135946.4,35.0659936666489,9.7728495,1.6863603,2.008924,2.0253315,5.245e-06,1.202e-06,0.0170513,0.015439937,1.2317354,0.011005686,-9.9e+37,293.27,291.518,293.226,292.968,35.0659936666489,NaN,20.9222885505201,14.6478217428594,0.0361425145001579,166.005097015854,24.634708,-9.9e+37,293.27,292.968,293.226,292.968,-0.439024716826155
20230610135947.2,35.9099943190813,9.7723337,1.6925062,2.0095496,2.0253205,4.152e-06,-3.28e-07,-0.022372073,-0.003801549,1.2317573,-0.00590519,-9.9e+37,293.3,291.638,293.188,292.957,35.9099943190813,NaN,20.920854680132,15.426928075603,0.0361287438152771,166.619679532156,24.635146,-9.9e+37,293.3,292.957,293.188,292.957,-0.118770596064232
20230610135948.1,36.7699977010489,9.7721691,1.7487964,2.0096374,2.0253205,9.398e-06,1.421e-06,0.006176737,0.009991728,1.2315378,0.002239033,-9.9e+37,293.268,291.703,293.229,292.954,36.7699977010489,NaN,20.9203971092404,15.5362719630944,0.0361287438152771,172.24863098909,24.630756,-9.9e+37,293.268,292.954,293.229,292.954,-0.0156981594008083
20230610135949,37.6719944179058,9.7722898,1.6074068,2.0095935,2.0253424,3.169e-06,3.497e-06,-0.009347444,-0.01995722,1.2315049,-0.007970257,-9.9e+37,293.293,291.826,293.184,292.939,37.6719944179058,NaN,20.9207326426949,15.4816000193482,0.036156159996994,158.109843155413,24.630098,-9.9e+37,293.293,292.939,293.184,292.939,-0.0903208205642633
20230610135949.8,38.5159950703382,9.7721032,1.6868102,2.0104715,2.0254741,2.623e-06,3.497e-06,0.006892704,0.001475859,1.2315159,0.000404206,-9.9e+37,293.301,291.793,293.192,292.959,38.5159950703382,NaN,20.92021391409,16.5750388942665,0.0363210326514287,166.050086468023,24.630318,-9.9e+37,293.301,292.959,293.192,292.959,0.00893408802928582
20230610135950.7,39.3749926239252,9.7722569,1.6071215,2.0104824,2.0260887,4.48e-06,2.295e-06,-0.003488478,0.002373768,1.2315049,0.004476427,-9.9e+37,293.315,291.676,293.186,292.948,39.3749926239252,NaN,20.9206411841145,16.5886134771099,0.037090438372124,158.081313502815,24.630098,-9.9e+37,293.315,292.948,293.186,292.948,-0.12186526271835
20230610135951.5,40.2419965714216,9.7721581,1.6753414,2.0113604,2.0261765,3.934e-06,5.792e-06,-0.000490095,0.002641927,1.2315378,-0.000669961,-9.9e+37,293.304,291.665,293.234,292.942,40.2419965714216,NaN,20.9203665303837,17.6820523520278,0.0372003534750807,164.903220433273,24.630756,-9.9e+37,293.304,292.942,293.234,292.942,-0.0760107437941265
20230610135952.4,41.151999682188,9.7722898,1.6709185,2.0114043,2.0262534,4.59e-06,1.53e-06,-0.003577755,0.001119953,1.231483,0.00358125,-9.9e+37,293.312,291.583,293.177,292.937,41.151999682188,NaN,20.9207326426949,17.7367242957739,0.0372966230812009,164.46093581892,24.62966,-9.9e+37,293.312,292.937,293.177,292.937,-0.163717012161219
20230610135953.3,42.0039966702461,9.772191,1.6067593,2.0114043,2.0262095,4.043e-06,3.497e-06,0.004879212,0.005819409,1.2315269,0.004699784,-9.9e+37,293.337,291.594,293.242,292.951,42.0039966702461,NaN,20.9204579889641,17.7367242957739,0.0372416655297232,158.045093943856,24.630538,-9.9e+37,293.337,292.951,293.242,292.951,-0.0970264935885446
20230610135954.2,42.8629942238331,9.7723008,1.7453942,2.0114592,2.0261765,3.169e-06,3.06e-06,0.003491863,-0.010916952,1.2317793,-0.000760331,-9.9e+37,293.323,291.61,293.262,292.942,42.8629942238331,NaN,20.9207632215516,17.8050953598204,0.0372003534750807,171.908415131858,24.635586,-9.9e+37,293.323,292.942,293.262,292.942,-0.170337568230009
20230610135955,43.7460009008646,9.7721252,1.6405181,2.0113714,2.0263082,4.48e-06,3.06e-06,0.000135828,-0.004596194,1.2317683,-0.0045185,-9.9e+37,293.348,291.635,293.232,292.94,43.7460009008646,NaN,20.9202750718033,17.6957514723281,0.0373652261295154,161.420932836671,24.635366,-9.9e+37,293.348,292.94,293.232,292.94,-0.0625404897681192
20230610135955.9,44.5979978889227,9.7723776,1.5420949,2.0113824,2.0261107,2.95e-06,1.858e-06,0.010043743,0.017884847,1.2317683,0.005656263,-9.9e+37,293.318,291.616,293.245,292.945,44.5979978889227,NaN,20.920976717569,17.7094505926293,0.0371179797418852,151.578732683961,24.635366,-9.9e+37,293.318,292.945,293.245,292.945,-0.201857076755964
20230610135956.7,45.4449959099293,9.7719606,1.9063743,2.0105044,2.0252546,5.464e-06,9.83e-07,-0.001743692,0.002910087,1.2317683,-0.000580465,-9.9e+37,293.335,291.608,293.247,292.944,45.4449959099293,NaN,20.9198175009117,16.6160117177114,0.0360462448940373,188.006229110709,24.635366,-9.9e+37,293.335,292.944,293.247,292.944,0.118948811087829
20230610135957.6,46.3129956275225,9.7718618,1.6564207,2.0105154,2.0261107,2.513e-06,2.841e-06,-0.011916264,-0.01498917,1.2317903,-0.013122655,-9.9e+37,293.355,291.594,293.195,292.914,46.3129956275225,NaN,20.9195428471809,16.6297108380122,0.0371179797418852,163.011173472502,24.635806,-9.9e+37,293.355,292.914,293.195,292.914,0.121992001813332
20230610135958.5,47.2069960087538,9.7719276,1.5761942,2.0113934,2.0261436,5.573e-06,2.623e-06,0.008548978,0.004387368,1.2317464,0.001657145,-9.9e+37,293.341,291.556,293.184,292.949,47.2069960087538,NaN,20.9197257643417,17.7231497129305,0.0371591666084834,154.988621162159,24.634928,-9.9e+37,293.341,292.949,293.184,292.949,0.0686075085536132
20230610135959.3,48.0589929968119,9.7722349,1.620895,2.0113934,2.0261217,-8.74e-07,1.639e-06,-0.001833079,-0.008750587,1.2317134,-0.003802423,-9.9e+37,293.333,291.586,293.2,292.938,48.0589929968119,NaN,20.9205800264012,17.7231497129305,0.0371317504267661,159.458646731194,24.634268,-9.9e+37,293.333,292.938,293.2,292.938,-0.119415744672414
20230610140000.2,48.9180006086826,9.772191,1.6249447,2.0113934,2.0261546,7.65e-07,2.076e-06,0.006803208,-0.000670835,1.2317244,0.00089594,-9.9e+37,293.327,291.61,293.219,292.949,48.9180006086826,NaN,20.9204579889641,17.7231497129305,0.0371729372933638,159.863611799983,24.634488,-9.9e+37,293.327,292.949,293.219,292.949,-0.0942721354426183
20230610140001.1,49.8050004243851,9.7722679,1.6833093,2.0118433,2.0260997,5.136e-06,1.311e-06,-0.006083526,0.007832136,1.2316915,0.002462936,-9.9e+37,293.316,291.635,293.17,292.985,49.8050004243851,NaN,20.9206717629712,18.2834437332322,0.0371042090570048,165.700000730975,24.63383,-9.9e+37,293.316,292.985,293.17,292.985,-0.145645255973322
20230610140001.9,50.6519984453917,9.7723227,1.6063422,2.0117665,2.0261656,3.169e-06,4.152e-06,0.000136156,0.007697948,1.2317244,0.00103002,-9.9e+37,293.273,291.638,293.222,292.941,50.6519984453917,NaN,20.9208241012753,18.1877989660411,0.0371867079782446,158.003384451748,24.634488,-9.9e+37,293.273,292.941,293.222,292.941,-0.179113282994687
20230610140002.8,51.5159949660301,9.7722569,1.6985095,2.0113824,2.0261107,3.606e-06,2.95e-06,-0.007600036,0.002104735,1.2316147,-0.001699436,-9.9e+37,293.322,291.662,293.176,292.96,51.5159949660301,NaN,20.9206411841145,17.7094505926293,0.0371179797418852,167.220002222099,24.632294,-9.9e+37,293.322,292.96,293.176,292.96,-0.135474603712454
20230610140003.7,52.3829989135265,9.772641,1.6199621,2.0114153,2.0262424,2.513e-06,-3.825e-06,0.00823514,0.053654363,1.2315927,0.007160972,-9.9e+37,293.278,291.679,293.23,292.963,52.3829989135265,NaN,20.9217089421914,17.7504234160742,0.0372828523963205,159.365357867161,24.631854,-9.9e+37,293.278,292.963,293.23,292.963,-0.378065902563008
20230610140004.6,53.2659955322742,9.7728276,1.6891479,2.0105154,2.0262314,3.825e-06,3.169e-06,-0.002334541,0.032223964,1.2316805,0.006656562,-9.9e+37,293.278,291.681,293.219,292.963,53.2659955322742,NaN,20.9222276707964,16.6297108380122,0.0372690817114396,166.283853621468,24.63361,-9.9e+37,293.278,292.963,293.219,292.963,-0.494741501829586
20230610140005.4,54.1169967502356,9.7727507,1.7978545,2.0104495,2.0261875,1.421e-06,-4.152e-06,-0.006128984,0.000493374,1.2316695,0.00018063,-9.9e+37,293.292,291.63,293.238,292.944,54.1169967502356,NaN,20.9220138967893,16.547640653665,0.0372141241599611,177.154381252358,24.63339,-9.9e+37,293.292,292.944,293.238,292.944,-0.457083341583801
20230610140006.3,54.9729969352484,9.7727837,1.5316359,2.0105044,2.0261875,6.01e-06,4.37e-07,-0.006979468,-0.001654306,1.2315378,-0.003623213,-9.9e+37,293.297,291.597,293.181,292.941,54.9729969352484,NaN,20.9221056333593,16.6160117177114,0.0372141241599611,150.532845419605,24.630756,-9.9e+37,293.297,292.941,293.181,292.941,-0.441706483170576
20230610140007.2,55.8669973164797,9.7726739,1.7023946,2.0104934,2.0262095,-6.01e-06,5.027e-06,0.004387041,0.018540056,1.2316366,0.003939451,-9.9e+37,293.259,291.55,293.203,292.971,55.8669973164797,NaN,20.9218004007718,16.6023125974107,0.0372416655297232,167.608507491317,24.632732,-9.9e+37,293.259,292.971,293.203,292.971,-0.397603132176981
20230610140008,56.7150011658669,9.7728495,1.6033681,2.0104715,2.0262534,5.792e-06,7.977e-06,-0.021342927,0.00053916,1.2316695,-0.006755128,-9.9e+37,293.284,291.57,293.146,292.968,56.7150011658669,NaN,20.9222885505201,16.5750388942665,0.0372966230812009,157.70597807323,24.63339,-9.9e+37,293.284,292.968,293.146,292.968,-0.496153636817286
20230610140008.9,57.5900014489889,9.7728715,1.5970355,2.0105154,2.0262753,8.74e-07,-1.09e-07,0.014321622,0.005281889,1.2315708,0.00693696,-9.9e+37,293.259,291.49,293.192,292.96,57.5900014489889,NaN,20.9223497082335,16.6297108380122,0.0373240392629177,157.072725784267,24.631416,-9.9e+37,293.259,292.96,293.192,292.96,-0.51038791391899
20230610140009.7,58.4569953382015,9.7728605,1.5268837,2.0104824,2.0261326,4.699e-06,8.633e-06,-0.012930769,-0.018434591,1.2316805,-0.005010671,-9.9e+37,293.289,291.433,293.162,292.963,58.4569953382015,NaN,20.9223191293768,16.5886134771099,0.0371453959236026,150.057631206232,24.63361,-9.9e+37,293.289,292.963,293.162,292.963,-0.48383854635527
20230610140010.6,59.3239992856979,9.7723886,1.6475749,2.0104934,2.0261436,7.103e-06,1.202e-06,0.005863556,-0.003802314,1.2316366,-0.002773277,-9.9e+37,293.289,291.39,293.2,292.96,59.3239992856979,NaN,20.9210072964257,16.6023125974107,0.0371591666084834,162.126604243795,24.632732,-9.9e+37,293.289,292.96,293.2,292.96,-0.208994690684837
20230610140011.5,60.1909931749105,9.7720154,1.6823874,2.0104715,2.0261217,1.09e-07,2.185e-06,0.012201476,0.00443075,1.2316805,0.007825361,-9.9e+37,293.265,291.381,293.2,292.977,60.1909931749105,NaN,20.9199698392158,16.5750388942665,0.0371317504267661,165.607811853548,24.63361,-9.9e+37,293.265,292.977,293.2,292.977,0.0258143710202218
20230610140012.3,61.0549997538328,9.7720703,1.6150014,2.0104934,2.0261765,-7.649e-06,3.934e-06,-0.005680959,-0.005527319,1.2316147,-0.001877991,-9.9e+37,293.303,291.417,293.17,292.96,61.0549997538328,NaN,20.9201224555096,16.6023125974107,0.0372003534750807,158.869293907672,24.632294,-9.9e+37,293.303,292.96,293.17,292.96,-0.0120527963435784
20230610140013.2,61.9449969381094,9.7722349,1.7451418,2.0112946,2.0263082,4.262e-06,1.3331e-05,-0.002906373,-0.005456947,1.2315598,-0.003712709,-9.9e+37,293.314,291.376,293.154,292.958,61.9449969381094,NaN,20.9205800264012,17.6001067051375,0.0373652261295154,171.883175439198,24.631196,-9.9e+37,293.314,292.958,293.154,292.958,-0.134303198685745
20230610140014.1,62.8009971231222,9.7721032,1.5638252,2.0113495,2.025529,6.775e-06,3.169e-06,-0.000669524,-0.047934584,1.2315708,-0.015469321,-9.9e+37,293.325,291.346,293.157,292.958,62.8009971231222,NaN,20.92021391409,17.6684777691844,0.0363897608877881,153.751736223558,24.631416,-9.9e+37,293.325,292.958,293.157,292.958,-0.00280288343335808
20230610140015,63.6719942092896,9.7722679,1.6796436,2.0110312,2.0252985,5.46e-07,3.169e-06,0.042646799,0.002507739,1.2313074,0.006892704,-9.9e+37,293.292,291.324,293.211,292.979,63.6719942092896,NaN,20.9206717629712,17.2720750426624,0.0361012024455158,165.333435194599,24.626148,-9.9e+37,293.292,292.979,293.211,292.979,-0.0899576556894115
20230610140015.8,64.5310018211603,9.7719715,1.8264112,2.0104824,2.0252766,6.556e-06,1.1802e-05,-0.010021884,-0.034678317,1.2313074,-0.004607558,-9.9e+37,293.311,291.286,293.14,292.966,64.5310018211603,NaN,20.9198478017788,16.5886134771099,0.036073786263799,180.01001647963,24.626148,-9.9e+37,293.311,292.966,293.14,292.966,0.108084591227405
20230610140016.7,65.3909951448441,9.7721471,1.6278421,2.0104824,2.0253973,2.623e-06,-6.994e-06,0.014634365,-0.00608429,1.2312635,-0.001833844,-9.9e+37,293.295,291.294,293.222,292.96,65.3909951448441,NaN,20.920335951527,16.5886134771099,0.0362248882333529,160.153348271896,24.62527,-9.9e+37,293.295,292.96,293.222,292.96,-0.0140824679364348
20230610140017.5,66.2539958953857,9.772641,1.6765157,2.0104715,2.0253534,1.967e-06,1.639e-06,0.020317954,0.002641709,1.2318012,0.00590825,-9.9e+37,293.308,291.294,293.236,292.96,66.2539958953857,NaN,20.9217089421914,16.5750388942665,0.0361699306818748,165.020649003359,24.636024,-9.9e+37,293.308,292.96,293.236,292.96,-0.322716121861374
20230610140018.4,67.1169966459274,9.7723557,1.6113468,2.0104934,2.0253315,6.666e-06,1.0709e-05,-0.010693486,-0.007336685,1.2317683,-0.004652579,-9.9e+37,293.341,291.253,293.176,292.963,67.1169966459274,NaN,20.9209158378453,16.6023125974107,0.0361425145001579,158.503838357781,24.635366,-9.9e+37,293.341,292.963,293.176,292.963,-0.1390633469703
20230610140019.3,68.0119927972555,9.7721691,1.6696783,2.0104934,2.0252546,2.623e-06,-5.573e-06,0.013068024,-0.003041327,1.2317464,0.000134845,-9.9e+37,293.316,291.256,293.228,292.941,68.0119927972555,NaN,20.9203971092404,16.6023125974107,0.0360462448940373,164.336917329078,24.634928,-9.9e+37,293.316,292.941,293.228,292.941,-0.0197468998595604
20230610140020.2,68.8669972121716,9.772213,1.5303628,2.0112726,2.0253095,1.1583e-05,1.093e-06,0.001523066,-0.00655155,1.2317573,-0.003667906,-9.9e+37,293.335,291.28,293.208,292.952,68.8669972121716,NaN,20.9205191466774,17.5727084645359,0.0361149731303967,150.405536969825,24.635146,-9.9e+37,293.335,292.952,293.208,292.952,-0.0556469401332215
20230610140021,69.7379942983389,9.7719715,1.7073882,2.0113824,2.0252876,3.169e-06,4.917e-06,0.008725237,0.013723127,1.2315269,0.00340193,-9.9e+37,293.344,291.245,293.219,292.96,69.7379942983389,NaN,20.9198478017788,17.7094505926293,0.0360875569486794,168.107861410744,24.630538,-9.9e+37,293.344,292.96,293.219,292.96,0.0949395960771521
20230610140021.9,70.6210009753704,9.7719715,1.575426,2.0113714,2.0252876,6.666e-06,1.2567e-05,-0.013914676,-0.000804041,1.2315049,-0.005055146,-9.9e+37,293.357,291.256,293.2,292.977,70.6210009753704,NaN,20.9198478017788,17.6957514723281,0.0360875569486794,154.911802097575,24.630098,-9.9e+37,293.357,292.977,293.2,292.977,0.0912386118621176
20230610140022.8,71.4729979634285,9.7723008,1.5636825,2.0114373,2.0253534,3.606e-06,-1.1365e-05,0.009980473,0.000225214,1.2315598,-0.002370711,-9.9e+37,293.3,291.324,293.23,292.947,71.4729979634285,NaN,20.9207632215516,17.7778216566758,0.0361699306818748,153.73746639732,24.631196,-9.9e+37,293.3,292.947,293.23,292.947,-0.113713220878544
20230610140023.6,72.3400019109249,9.7723118,1.5989452,2.0105263,2.0253863,1.639e-06,1.967e-06,0.01485816,0.007832246,1.2315378,0.008503301,-9.9e+37,293.297,291.308,293.228,292.963,72.3400019109249,NaN,20.9207938004082,16.6432854208556,0.0362111175484725,157.263693458876,24.630756,-9.9e+37,293.297,292.963,293.228,292.963,-0.115020338360271
20230610140024.5,73.2029926031828,9.7722349,1.80771,2.0104934,2.0252437,-1.0818e-05,4.262e-06,-0.00245966,-0.001474878,1.2315598,-0.000535444,-9.9e+37,293.289,291.294,293.189,292.949,73.2029926031828,NaN,20.9205800264012,16.6023125974107,0.0360325993972013,178.13991925158,24.631196,-9.9e+37,293.289,292.949,293.189,292.949,-0.0629556878248799
20230610140025.4,74.1020020097494,9.7722788,1.8180922,2.0105263,2.0252985,6.229e-06,1.5298e-05,-0.007963264,-0.005368216,1.2315488,-0.004920738,-9.9e+37,293.303,291.36,293.162,292.938,74.1020020097494,NaN,20.9207020638382,16.6432854208556,0.0361012024455158,179.178126609453,24.630976,-9.9e+37,293.303,292.938,293.162,292.938,-0.0956785010620582
20230610140026.2,74.9529931694269,9.7718947,1.9284339,2.0112726,2.0253424,7.758e-06,2.185e-06,0.000681981,-0.033519137,1.2315598,-0.011830703,-9.9e+37,293.295,291.471,293.184,292.947,74.9529931694269,NaN,20.9196343057613,17.5727084645359,0.036156159996994,190.212162249326,24.631196,-9.9e+37,293.295,292.947,293.184,292.947,0.150593475231066
20230610140027.1,75.8199971169233,9.7720045,1.6343282,2.0114043,2.0253315,1.3441e-05,-8.74e-07,0.014008005,0.00259035,1.2316037,0.00044879,-9.9e+37,293.316,291.561,293.228,292.936,75.8199971169233,NaN,20.9199395383488,17.7367242957739,0.0361425145001579,160.801950373946,24.632074,-9.9e+37,293.316,292.936,293.228,292.936,0.0695553065798161
20230610140028,76.7149932682514,9.7721362,1.5664372,2.0114043,2.0253095,1.09e-07,2.513e-06,0.012084007,0.011547033,1.2315817,0.011922062,-9.9e+37,293.303,291.559,293.233,292.938,76.7149932682514,NaN,20.92030565066,17.7367242957739,0.0361149731303967,154.012933042996,24.631634,-9.9e+37,293.303,292.938,293.233,292.938,-0.0108140904075404
20230610140028.9,77.5659944862127,9.7720813,1.7143243,2.0113714,2.0253205,1.421e-06,3.825e-06,-0.001825648,0.002642146,1.2315708,0.004252742,-9.9e+37,293.297,291.564,293.233,292.955,77.5659944862127,NaN,20.9201530343662,17.6957514723281,0.0361287438152771,168.801462964841,24.631416,-9.9e+37,293.297,292.955,293.233,292.955,0.0233201966862604
20230610140029.7,78.4449979662895,9.7713899,1.668965,2.0114263,2.0253315,-7.65e-07,-3.278e-06,0.003537103,-0.003488587,1.2316256,0.000538504,-9.9e+37,293.281,291.548,293.225,292.933,78.4449979662895,NaN,20.9182310142298,17.7641225363755,0.0361425145001579,164.265588197644,24.632512,-9.9e+37,293.281,292.933,293.225,292.933,0.456366240001819
20230610140030.6,79.3129976838827,9.7719715,1.7026031,2.0113824,2.0252437,-8.523e-06,5.027e-06,-0.000400818,-0.008098217,1.2315927,-0.004114947,-9.9e+37,293.305,291.452,293.181,292.941,79.3129976838827,NaN,20.9198478017788,17.7094505926293,0.0360325993972013,167.629357237432,24.631854,-9.9e+37,293.305,292.941,293.181,292.941,0.0974378610264857
20230610140031.5,80.1949985325336,9.7721032,1.5708491,2.0113824,2.0253205,-2.076e-06,5.792e-06,0.004386822,-0.005413018,1.2316805,-0.004697491,-9.9e+37,293.311,291.392,293.184,292.936,80.1949985325336,NaN,20.92021391409,17.7094505926293,0.0361287438152771,154.454117670743,24.63361,-9.9e+37,293.311,292.936,293.184,292.936,0.00885645998621371
20230610140032.3,81.0589950531721,9.7723886,1.5604889,2.0113714,2.0252876,7.103e-06,1.5954e-05,0.002910961,-0.025682864,1.2315708,-0.008724033,-9.9e+37,293.33,291.33,293.173,292.936,81.0589950531721,NaN,20.9210072964257,17.6957514723281,0.0360875569486794,153.418110286081,24.631416,-9.9e+37,293.33,292.936,293.173,292.936,-0.16253211549102
20230610140033.2,81.9219958037138,9.7722788,1.5874106,2.011975,2.0253863,9.616e-06,7.977e-06,0.006355948,-0.048939358,1.2316037,-0.009933153,-9.9e+37,293.335,291.256,293.176,292.941,81.9219958037138,NaN,20.9207020638382,18.4474595644701,0.0362111175484725,156.110247504249,24.632074,-9.9e+37,293.335,292.941,293.176,292.941,-0.108094698426874
20230610140034.1,82.8240025788546,9.7723008,1.5668104,2.0116019,2.0252217,1.0053e-05,1.093e-06,0.006147997,-0.013914567,1.2316366,-0.004293941,-9.9e+37,293.305,291.18,293.178,292.963,82.8240025788546,NaN,20.9207632215516,17.9828103113587,0.03600505802744,154.05025258856,24.632732,-9.9e+37,293.305,292.963,293.178,292.963,-0.10782127177119
20230610140035,83.6759995669127,9.772213,1.7870333,2.0114153,2.0252766,6.994e-06,2.0981e-05,0.006356058,0.003312435,1.2316695,0.005371275,-9.9e+37,293.297,291.13,293.203,292.947,83.6759995669127,NaN,20.9205191466774,17.7504234160742,0.036073786263799,176.072274429043,24.63339,-9.9e+37,293.297,292.947,293.203,292.947,-0.0596299268195229
20230610140035.8,84.527000784874,9.7722679,1.651888,2.0113934,2.0252107,8.086e-06,-1.858e-06,-0.003891919,-0.016652326,1.2318232,-0.002740167,-9.9e+37,293.316,291.081,293.198,292.938,84.527000784874,NaN,20.9206717629712,17.7231497129305,0.0359912873425596,162.557908991849,24.636464,-9.9e+37,293.316,292.938,293.198,292.938,-0.0875236611047438
20230610140036.7,85.3950005024672,9.7720484,1.5643849,2.0114153,2.0253424,5.464e-06,-1.6719e-05,0.01284423,0.001612233,1.2318342,0.003536556,-9.9e+37,293.319,291.046,293.244,292.947,85.3950005024672,NaN,20.9200615757858,17.7504234160742,0.036156159996994,153.807705542026,24.636684,-9.9e+37,293.319,292.947,293.244,292.947,0.0405996131719377
20230610140037.6,86.2969972193241,9.7718947,1.6067044,2.0113275,2.0252876,-1.7156e-05,6.338e-06,0.000673239,0.0104191,1.2317793,0.005639872,-9.9e+37,293.284,290.956,293.211,292.963,86.2969972193241,NaN,20.9196343057613,17.6410795285828,0.0360875569486794,158.039604010707,24.635586,-9.9e+37,293.284,292.963,293.211,292.963,0.139930857675615
20230610140038.4,87.1599979698658,9.7723008,1.5934248,2.0114263,2.0253095,2.732e-06,5.027e-06,-0.001430075,0.00774275,1.2318012,0.003403242,-9.9e+37,293.292,290.921,293.23,292.922,87.1599979698658,NaN,20.9207632215516,17.7641225363755,0.0361149731303967,156.711660180919,24.636024,-9.9e+37,293.292,292.922,293.23,292.922,-0.112165531037895
20230610140039.3,88.0270019173622,9.7722788,1.773007,2.0113824,2.0253205,1.311e-06,5.901e-06,-0.007023724,-0.026847072,1.2315817,-0.0032201,-9.9e+37,293.305,290.91,293.198,292.949,88.0270019173622,NaN,20.9207020638382,17.7094505926293,0.0361287438152771,174.669661508492,24.631634,-9.9e+37,293.305,292.949,293.198,292.949,-0.104388351078716
20230610140040.2,88.9380007982254,9.7723557,1.7580373,2.0113934,2.0252656,8.851e-06,-3.934e-06,-4.3382e-05,-0.029914401,1.2315488,-0.006848339,-9.9e+37,293.319,290.931,293.181,292.922,88.9380007982254,NaN,20.9209158378453,17.7231497129305,0.0360600155789181,173.172709736694,24.630976,-9.9e+37,293.319,292.922,293.181,292.922,-0.150333633929232
20230610140041.1,89.784998819232,9.7725313,1.5526089,2.0113275,2.0253205,8.523e-06,2.3494e-05,0.007832464,-0.004204882,1.2315598,0.002015565,-9.9e+37,293.303,290.88,293.187,292.955,89.784998819232,NaN,20.9214039875936,17.6410795285828,0.0361287438152771,152.630119881346,24.631196,-9.9e+37,293.303,292.955,293.187,292.955,-0.250043735248936
20230610140041.9,90.6450022011995,9.77263,1.5848534,2.0114153,2.0252876,2.185e-06,-1.355e-05,0.00828027,-0.004428458,1.2316256,-0.000132768,-9.9e+37,293.286,290.91,293.244,292.919,90.6450022011995,NaN,20.9216783633348,17.7504234160742,0.0360875569486794,155.854530618083,24.632512,-9.9e+37,293.286,292.919,293.244,292.919,-0.312041987399422
20230610140042.8,91.5119960904121,9.7728824,1.5228121,2.0113824,2.0252107,3.825e-06,6.994e-06,0.006937397,-0.001340689,1.2315159,0.002014691,-9.9e+37,293.314,290.863,293.219,292.936,91.5119960904121,NaN,20.9223800091005,17.7094505926293,0.0359912873425596,149.65047616411,24.630318,-9.9e+37,293.314,292.936,293.219,292.936,-0.45251887706003
20230610140043.7,92.3790000379086,9.7723666,1.5591609,2.0113934,2.0252876,9.616e-06,4.371e-06,-0.014451651,-0.022730055,1.2315269,-0.012966393,-9.9e+37,293.316,290.869,293.189,292.919,92.3790000379086,NaN,20.9209461387124,17.7231497129305,0.0360875569486794,153.285311903151,24.630538,-9.9e+37,293.316,292.919,293.189,292.919,-0.149315723979953
20230610140044.5,93.2459939271212,9.7723776,1.5805513,2.0105373,2.0251778,7.65e-07,-1.5517e-05,0.01839341,0.004879649,1.2315159,0.002999255,-9.9e+37,293.305,290.885,293.247,292.925,93.2459939271212,NaN,20.920976717569,16.6569845411568,0.0359501004759615,155.424325856635,24.630318,-9.9e+37,293.305,292.925,293.247,292.925,-0.142662953325117
20230610140045.4,94.1129978746176,9.7720264,1.5890897,2.0104934,2.0252327,-1.814e-05,7.431e-06,0.002999255,0.003536447,1.2315817,0.002463155,-9.9e+37,293.295,290.918,293.198,292.938,94.1129978746176,NaN,20.9200004180725,16.6023125974107,0.0360188287123209,156.278155459654,24.631634,-9.9e+37,293.295,292.938,293.198,292.938,0.0694882007154808
20230610140046.3,95.0119972229004,9.7721032,1.5144711,2.0104824,2.0252766,1.1911e-05,2.0981e-05,-0.009887804,-0.004787096,1.2315598,-0.004697272,-9.9e+37,293.338,290.907,293.173,292.933,95.0119972229004,NaN,20.92021391409,16.5886134771099,0.036073786263799,148.816386320722,24.631196,-9.9e+37,293.338,292.933,293.173,292.933,0.0194909430185333
20230610140047.2,95.8629984408617,9.7722788,1.5734505,2.0104605,2.0260339,1.0709e-05,4.262e-06,-0.003980759,-0.026579022,1.2316037,-0.008232734,-9.9e+37,293.363,290.931,293.181,292.914,95.8629984408617,NaN,20.9207020638382,16.5613397739658,0.0370218353238094,154.714254503088,24.632074,-9.9e+37,293.363,292.914,293.181,292.914,-0.130551934759233
20230610140048,96.733995527029,9.7724654,1.6003939,2.0104824,2.0261985,1.421e-06,2.295e-06,0.026895954,0.007295817,1.2317464,0.010114662,-9.9e+37,293.319,290.94,293.225,292.914,96.733995527029,NaN,20.9212207924432,16.5886134771099,0.0372278948448419,157.408561694833,24.634928,-9.9e+37,293.319,292.914,293.225,292.914,-0.256253834855538
20230610140048.9,97.5980021059513,9.7722349,1.564352,2.0105263,2.0261875,5.792e-06,2.0544e-05,-0.009574296,-0.020985053,1.2317903,-0.001117441,-9.9e+37,293.318,290.956,293.188,292.945,97.5980021059513,NaN,20.9205800264012,16.6432854208556,0.0372141241599611,153.804415582088,24.635806,-9.9e+37,293.318,292.945,293.188,292.945,-0.112901145441912
20230610140049.7,98.4569996595383,9.7721252,1.5423803,2.0105154,2.0262863,3.606e-06,-1.3441e-05,0.010472754,-0.007337122,1.2317354,-0.00174413,-9.9e+37,293.312,291.027,293.22,292.929,98.4569996595383,NaN,20.9202750718033,16.6297108380122,0.037337809947799,151.607272336437,24.634708,-9.9e+37,293.312,292.929,293.22,292.929,-0.0513765279875961
20230610140050.6,99.3239935487509,9.7719935,1.6690308,2.0104824,2.0262424,-8.742e-06,5.464e-06,0.005818972,-0.011499274,1.2317573,-8.7966e-05,-9.9e+37,293.304,291.013,293.207,292.923,99.3239935487509,NaN,20.9199089594921,16.5886134771099,0.0372828523963205,164.272168117521,24.635146,-9.9e+37,293.304,292.923,293.207,292.923,0.032217505345407
20230610140051.5,100.190997496247,9.7720374,1.6356452,2.0104824,2.0261656,1.0163e-05,9.83e-07,-0.004050585,-0.020614177,1.2314939,-0.011434147,-9.9e+37,293.344,291.048,293.199,292.937,100.190997496247,NaN,20.9200309969292,16.5886134771099,0.0371867079782446,160.933648770271,24.629878,-9.9e+37,293.344,292.937,293.199,292.937,0.0090804837155214
20230610140052.4,101.097993180156,9.7723557,1.7047432,2.0096483,2.0262424,1.0818e-05,-8.74e-07,0.012531048,0.001746532,1.2315049,0.000896814,-9.9e+37,293.347,291.023,293.237,292.937,101.097993180156,NaN,20.9209158378453,15.5498465459377,0.0372828523963205,167.84336463149,24.630098,-9.9e+37,293.347,292.937,293.237,292.937,-0.189342054245439
20230610140053.2,101.948994398117,9.7723118,1.6718184,2.0102959,2.0262424,2.6881e-05,-1.858e-06,-0.00174402,0.002310936,1.231461,0.00183559,-9.9e+37,293.35,290.999,293.199,292.951,101.948994398117,NaN,20.9207938004082,16.3563511192829,0.0372828523963205,164.550924723136,24.62922,-9.9e+37,293.35,292.951,293.199,292.951,-0.166158028642367
20230610140054.1,102.808997780085,9.7724435,1.7979972,2.0104824,2.0261765,-1.65e-05,6.994e-06,0.000896596,0.015258869,1.231461,0.005595069,-9.9e+37,293.333,290.952,293.229,292.979,102.808997780085,NaN,20.9211599127194,16.5886134771099,0.0372003534750807,177.168651078596,24.62922,-9.9e+37,293.333,292.979,293.229,292.979,-0.256204608441804
20230610140055,103.69500182569,9.7728056,1.9285326,2.0105044,2.0261765,1.3222e-05,1.4424e-05,-0.023356961,0.002775679,1.231472,-0.005145297,-9.9e+37,293.355,290.96,293.188,292.968,103.69500182569,NaN,20.9221665130831,16.6160117177114,0.0372003534750807,190.222032129141,24.62944,-9.9e+37,293.355,292.968,293.188,292.968,-0.510591995043391
20230610140055.8,104.558998346329,9.7723337,1.543818,2.0105044,2.0262314,1.0163e-05,-2.185e-06,-0.001564592,-0.002101349,1.2314171,-0.000529216,-9.9e+37,293.366,290.996,293.196,292.946,104.558998346329,NaN,20.920854680132,16.6160117177114,0.0372690817114396,151.751040585789,24.628342,-9.9e+37,293.366,292.946,293.196,292.946,-0.174110069149564
20230610140056.7,105.42199909687,9.7722898,1.6904868,2.0104715,2.0261546,3.5405e-05,-1.748e-06,-0.000535663,0.004700549,1.2317354,0.002239252,-9.9e+37,293.359,291.058,293.205,292.972,105.42199909687,NaN,20.9207326426949,16.5750388942665,0.0371729372933638,166.417741991126,24.634708,-9.9e+37,293.359,292.972,293.205,292.972,-0.149660703259621
20230610140057.6,106.292996183038,9.7722349,1.7012203,2.0104715,2.0261546,4.37e-07,3.278e-06,0.006300765,0.032559659,1.2317025,0.016265944,-9.9e+37,293.345,291.053,293.252,292.975,106.292996183038,NaN,20.9205800264012,16.5750388942665,0.0371729372933638,167.491078921231,24.63405,-9.9e+37,293.345,292.975,293.252,292.975,-0.115305848909034
20230610140058.5,107.195002958179,9.7720484,1.6585608,2.0105044,2.0261875,-1.355e-05,6.338e-06,-0.01203592,-0.001161916,1.2317354,0.000403987,-9.9e+37,293.356,290.984,293.249,292.961,107.195002958179,NaN,20.9200615757858,16.6160117177114,0.0372141241599611,163.225180866559,24.634708,-9.9e+37,293.356,292.961,293.249,292.961,0.000747577917022876
20230610140059.3,108.038993552327,9.7719825,1.6246593,2.0104715,2.0261326,9.288e-06,2.3603e-05,-0.009081798,-0.004562646,1.2317134,-0.003891481,-9.9e+37,293.383,291.011,293.222,292.992,108.038993552327,NaN,20.9198783806354,16.5750388942665,0.0371453959236026,159.835072147506,24.634268,-9.9e+37,293.383,292.992,293.222,292.992,0.045112475155949
20230610140100.2,108.905997499824,9.7716094,1.5976062,2.0105044,2.0261875,2.2838e-05,-3.825e-06,0.000180303,-0.022325412,1.2317134,-0.0043076,-9.9e+37,293.356,291.022,293.266,292.97,108.905997499824,NaN,20.9188412014151,16.6160117177114,0.0372141241599611,157.129795089341,24.634268,-9.9e+37,293.356,292.97,293.266,292.97,0.270556577396873
20230610140101.1,109.788994118571,9.7715874,1.6461482,2.0104715,2.0261875,1.4752e-05,3.934e-06,0.0034923,-0.006710325,1.2317354,-0.002459332,-9.9e+37,293.375,290.929,293.211,293.008,109.788994118571,NaN,20.9187800437018,16.5750388942665,0.0372141241599611,161.983935981049,24.634708,-9.9e+37,293.375,293.008,293.211,293.008,0.28873829755341
20230610140101.9,110.651994869113,9.7714777,1.616933,2.0102959,2.0261875,1.2894e-05,-3.28e-07,-0.001733421,0.005014275,1.2317573,-0.0012065,-9.9e+37,293.353,290.913,293.236,293.005,110.651994869113,NaN,20.9184750891039,16.3563511192829,0.0372141241599611,159.062451555615,24.635146,-9.9e+37,293.353,293.005,293.236,293.005,0.355648361934903
20230610140102.8,111.519994586706,9.7714008,1.6420545,2.0096044,2.0262314,2.404e-06,-2.5024e-05,0.00841468,0.021704537,1.2314391,0.005818754,-9.9e+37,293.358,290.889,293.263,292.997,111.519994586706,NaN,20.9182613150969,15.4951746021925,0.0372690817114396,161.574570965838,24.628782,-9.9e+37,293.358,292.997,293.263,292.997,0.410454321083975
20230610140103.7,112.386998534203,9.7716423,1.6621715,2.0095935,2.0261985,7.65e-07,4.917e-06,-0.000341701,0.02834144,1.231483,0.014676654,-9.9e+37,293.345,290.845,293.274,292.984,112.386998534203,NaN,20.9189326599955,15.4816000193482,0.0372278948448419,163.586246469907,24.62966,-9.9e+37,293.345,292.984,293.274,292.984,0.263612371496724
20230610140104.6,113.276995718479,9.7716203,1.7189886,2.0096154,2.0260339,9.83e-07,5.901e-06,-0.005949446,0.001254469,1.2314939,0.005146825,-9.9e+37,293.345,290.779,293.288,292.981,113.276995718479,NaN,20.9188715022822,15.5088737224928,0.0370218353238094,169.267887285248,24.629878,-9.9e+37,293.345,292.981,293.288,292.981,0.29186534465355
20230610140105.4,114.129002764821,9.7720923,1.5673262,2.0095715,2.0262314,-1.093e-06,4.48e-06,-0.001079851,-0.004965759,1.231483,0.001164427,-9.9e+37,293.336,290.763,293.288,292.959,114.129002764821,NaN,20.9201836132229,15.4542017787467,0.0372690817114396,154.101831960484,24.62966,-9.9e+37,293.336,292.959,293.288,292.959,-0.0197355531293706
20230610140106.3,114.983997121453,9.7719715,1.7881198,2.0095935,2.0262424,-8.74e-07,-2.7974e-05,0.003403242,-0.011230132,1.231472,-0.00518988,-9.9e+37,293.358,290.755,293.301,292.956,114.983997121453,NaN,20.9198478017788,15.4816000193482,0.0372828523963205,176.180923106041,24.62944,-9.9e+37,293.358,292.956,293.301,292.956,0.0566239913388317
20230610140107.2,115.87500013411,9.7718947,1.4903154,2.0103178,2.0262095,-1.748e-06,4.917e-06,0.012686984,0.004073203,1.231461,0.003044385,-9.9e+37,293.353,290.725,293.293,292.959,115.87500013411,NaN,20.9196343057613,16.3836248224275,0.0372416655297232,146.400845734469,24.62922,-9.9e+37,293.353,292.959,293.293,292.959,0.0923781194283068
20230610140108,116.738000884652,9.7721691,1.7228628,2.0105154,2.0262314,-3.4094e-05,9.725e-06,0.000539378,-0.00621837,1.231483,-0.002816659,-9.9e+37,293.336,290.681,293.301,292.973,116.738000884652,NaN,20.9203971092404,16.6297108380122,0.0372690817114396,169.655302567739,24.62966,-9.9e+37,293.336,292.973,293.301,292.973,-0.0790801470228197
20230610140108.9,117.601997405291,9.7720045,1.9956444,2.0104605,2.0261656,-2.6554e-05,9.179e-06,0.004566032,-0.005054599,1.2317354,-0.00433929,-9.9e+37,293.366,290.687,293.28,292.981,117.601997405291,NaN,20.9199395383488,16.5613397739658,0.0371867079782446,196.933130408903,24.634708,-9.9e+37,293.366,292.981,293.28,292.981,0.0329155081355375
20230610140109.8,118.469001352787,9.7716423,1.7755313,2.0105154,2.0262643,-3.169e-05,8.305e-06,0.007967964,-0.01288553,1.2317244,-0.003890826,-9.9e+37,293.366,290.654,293.312,292.973,118.469001352787,NaN,20.9189326599955,16.6297108380122,0.0373102685780369,174.92208843472,24.634488,-9.9e+37,293.366,292.973,293.312,292.973,0.259320290253763
20230610140110.7,119.370998069644,9.7716752,1.654983,2.0096154,2.0261765,1.1474e-05,2.623e-06,0.003044931,-0.063056572,1.2317025,-0.019793197,-9.9e+37,293.38,290.689,293.244,292.973,119.370998069644,NaN,20.9190241185759,15.5088737224928,0.0372003534750807,162.86740522315,24.63405,-9.9e+37,293.38,292.973,293.244,292.973,0.243516823574052
20230610140111.5,120.233998820186,9.7715325,1.5181367,2.0096374,2.0261985,1.4861e-05,3.4094e-05,0.01497858,-0.007694667,1.2316586,-0.003220428,-9.9e+37,293.383,290.67,293.247,292.984,120.233998820186,NaN,20.9186274274081,15.5362719630944,0.0372278948448419,149.182941857219,24.633172,-9.9e+37,293.383,292.984,293.247,292.984,0.317069770905928
20230610140112.4,121.097995340824,9.7717959,1.7172326,2.0096044,2.0262095,1.202e-05,6.56e-07,0.000481463,-0.0177631,1.2317025,-0.006128656,-9.9e+37,293.391,290.673,293.255,292.973,121.097995340824,NaN,20.9193596520305,15.4951746021925,0.0372416655297232,169.092289423483,24.63405,-9.9e+37,293.391,292.973,293.255,292.973,0.16929525445518
20230610140113.3,122.003995254636,9.7716203,1.5939406,2.0095825,2.0262095,2.7974e-05,-2.295e-06,0.009220032,0.004324426,1.2316037,0.002910087,-9.9e+37,293.361,290.673,293.266,292.973,122.003995254636,NaN,20.9188715022822,15.4679008990479,0.0372416655297232,156.763239552843,24.632074,-9.9e+37,293.361,292.973,293.266,292.973,0.271023498645929
20230610140114.2,122.862992808223,9.7715545,1.6496053,2.0096154,2.0262204,1.2239e-05,0,-0.005644898,-0.001743255,1.2315049,0.000180958,-9.9e+37,293.372,290.651,293.247,292.986,122.862992808223,NaN,20.9186885851214,15.5088737224928,0.0372553110265592,162.329641771431,24.630098,-9.9e+37,293.372,292.986,293.247,292.986,0.315932117167442
20230610140115,123.733999952674,9.7715216,1.7693085,2.0100105,2.0261436,1.202e-06,-1.7484e-05,0.005059187,0.036338155,1.2312635,0.006400751,-9.9e+37,293.364,290.687,293.25,292.964,123.733999952674,NaN,20.918597126541,16.0009212162058,0.0371591666084834,174.299816012056,24.62527,-9.9e+37,293.364,292.964,293.25,292.964,0.349407520467476
20230610140115.9,124.593993276358,9.7714777,1.5986379,2.0104824,2.0261875,-2.513e-06,7.65e-07,-0.002503588,0.042214946,1.2313074,0.015422343,-9.9e+37,293.369,290.692,293.258,292.945,124.593993276358,NaN,20.9184750891039,16.5886134771099,0.0372141241599611,157.232963833067,24.626148,-9.9e+37,293.369,292.945,293.258,292.945,0.351820111342363
20230610140116.8,125.460997223854,9.7715435,1.5633752,2.0104605,2.0262204,9.83e-07,9.835e-06,-0.008320809,0.005192829,1.2312635,0.003206329,-9.9e+37,293.366,290.733,293.263,292.959,125.460997223854,NaN,20.9186580062647,16.5613397739658,0.0372553110265592,153.706736771511,24.62527,-9.9e+37,293.366,292.959,293.263,292.959,0.306176549608199
20230610140117.6,126.32800117135,9.7716313,1.5163149,2.0105263,2.0262314,9.616e-06,3.2236e-05,-0.014541037,-0.006665086,1.2312635,-0.003488259,-9.9e+37,293.372,290.809,293.214,292.951,126.32800117135,NaN,20.9189020811389,16.6432854208556,0.0372690817114396,149.000764075576,24.62527,-9.9e+37,293.372,292.951,293.214,292.951,0.247673557601432
20230610140118.5,127.191001921892,9.7715435,1.6851969,2.0104715,2.0262314,1.4971e-05,3.2345e-05,-0.005009688,-0.020268652,1.23145,-0.005278611,-9.9e+37,293.38,290.889,293.203,292.943,127.191001921892,NaN,20.9186580062647,16.5750388942665,0.0372690817114396,165.888758432495,24.629,-9.9e+37,293.38,292.943,293.203,292.943,0.317309577871922
20230610140119.4,128.07399854064,9.7719935,1.6351733,2.0105044,2.0262095,1.1802e-05,-3.388e-06,0.002239033,-0.028402372,1.2314281,-0.010312991,-9.9e+37,293.391,290.962,293.23,292.943,128.07399854064,NaN,20.9199089594921,16.6160117177114,0.0372416655297232,160.886459344891,24.628562,-9.9e+37,293.391,292.943,293.23,292.943,0.0335957915160389
20230610140120.2,128.941002488136,9.7719935,1.5044072,2.0105373,2.0262095,1.1911e-05,-5.682e-06,0.003716094,-0.00429405,1.23145,-0.003667032,-9.9e+37,293.391,291.049,293.233,292.956,128.941002488136,NaN,20.9199089594921,16.6569845411568,0.0372416655297232,147.810008575263,24.629,-9.9e+37,293.391,292.956,293.233,292.956,0.0318982788131564
20230610140121.1,129.816002771258,9.7717081,1.72058,2.0104824,2.0262643,1.0381e-05,2.8193e-05,-4.2945e-05,0.007296145,1.2313952,0.004655528,-9.9e+37,293.383,291.15,293.228,292.951,129.816002771258,NaN,20.9191155771563,16.5886134771099,0.0373102685780369,169.427025347443,24.627904,-9.9e+37,293.383,292.951,293.228,292.951,0.213541126219553
20230610140122,130.675996094942,9.7717191,1.6301468,2.0105044,2.0260887,1.2894e-05,-5.46e-07,-0.009836773,-0.006620939,1.2314391,-0.004383546,-9.9e+37,293.399,291.24,293.25,292.937,130.675996094942,NaN,20.919146156013,16.6160117177114,0.037090438372124,160.383815465525,24.628782,-9.9e+37,293.399,292.937,293.25,292.937,0.210993402328526
20230610140122.8,131.534993648529,9.7715545,1.585018,2.0104495,2.0262534,-1.53e-06,3.169e-06,0.01629064,0.018169289,1.2314171,0.013918946,-9.9e+37,293.361,291.319,293.28,292.924,131.534993648529,NaN,20.9186885851214,16.547640653665,0.0372966230812009,155.870990417654,24.628342,-9.9e+37,293.361,292.924,293.28,292.924,0.299796148857509
20230610140123.7,132.399000227451,9.7721581,1.5507102,2.0105373,2.0262534,-4.3819e-05,7.54e-06,-0.003712599,-0.008679777,1.231483,0.001567977,-9.9e+37,293.334,291.352,293.269,292.97,132.399000227451,NaN,20.9203665303837,16.6569845411568,0.0372966230812009,152.440252193342,24.62966,-9.9e+37,293.334,292.97,293.269,292.97,-0.0697615545415022
20230610140124.6,133.269997313619,9.7719935,1.7212275,2.0096044,2.0261985,1.3987e-05,8.851e-06,-0.013645971,-0.030113281,1.231483,-0.010514057,-9.9e+37,293.38,291.418,293.217,292.964,133.269997313619,NaN,20.9199089594921,15.4951746021925,0.0372278948448419,169.491774559,24.62966,-9.9e+37,293.38,292.964,293.217,292.964,0.0440265896676612
20230610140125.5,134.171994030476,9.7714886,1.5819231,2.0096154,2.0261875,8.742e-06,-3.278e-06,0.011949271,-0.000222155,1.231472,0.000269361,-9.9e+37,293.377,291.437,293.247,292.954,134.171994030476,NaN,20.918505389971,15.5088737224928,0.0372141241599611,155.561504186231,24.62944,-9.9e+37,293.377,292.954,293.247,292.954,0.351470306047022
20230610140126.3,135.022995248437,9.7712911,1.6250325,2.0104276,2.0261436,-2.732e-06,-5.245e-06,0.009981128,0.004878884,1.2314281,0.007966872,-9.9e+37,293.353,291.442,293.266,292.937,135.022995248437,NaN,20.917956360499,16.5203669505204,0.0371591666084834,159.872391693071,24.628562,-9.9e+37,293.353,292.937,293.266,292.937,0.473543767296715
20230610140127.2,135.887001827359,9.7714667,1.6231448,2.0104824,2.0262424,2.19e-07,9.288e-06,-0.002594067,0.004342457,1.23145,0.003130274,-9.9e+37,293.358,291.409,293.258,292.954,135.887001827359,NaN,20.9184445102473,16.5886134771099,0.0372828523963205,159.683623991672,24.629,-9.9e+37,293.358,292.954,293.258,292.954,0.358166882729675
20230610140128.1,136.784995347261,9.7714996,1.8494475,2.0101422,2.0262314,3.825e-06,-3.4968e-05,-0.003085474,-0.003219663,1.2314939,-0.004428676,-9.9e+37,293.353,291.478,293.241,292.959,136.784995347261,NaN,20.9185359688277,16.1649370474438,0.0372690817114396,182.313618428946,24.629878,-9.9e+37,293.353,292.959,293.241,292.959,0.365095482220891
20230610140128.9,137.637002393603,9.7715764,1.5352795,2.0095825,2.0261875,-3.278e-06,7.212e-06,0.001836902,-8.7857e-05,1.231483,0.000940961,-9.9e+37,293.345,291.409,293.244,292.967,137.637002393603,NaN,20.9187494648451,15.4679008990479,0.0372141241599611,150.897200982891,24.62966,-9.9e+37,293.345,292.967,293.244,292.967,0.293602424842285
20230610140129.8,138.503996282816,9.7715216,1.7498281,2.0104715,2.0260778,1.5845e-05,1.814e-05,-0.011274716,-0.004114292,1.2314391,-0.006441947,-9.9e+37,293.356,291.385,293.214,292.973,138.503996282816,NaN,20.918597126541,16.5750388942665,0.037076792875288,172.351799732817,24.628782,-9.9e+37,293.356,292.973,293.214,292.973,0.346857461073867
20230610140130.7,139.371000230312,9.7715655,1.6691625,2.0105373,2.0261107,4.7862e-05,-2.623e-06,0.004566032,-0.001151863,1.2316915,-0.001071874,-9.9e+37,293.364,291.401,293.222,292.943,139.371000230312,NaN,20.9187191639781,16.6569845411568,0.0371179797418852,164.285337957154,24.63383,-9.9e+37,293.364,292.943,293.222,292.943,0.308464185281101
20230610140131.6,140.272996947169,9.7715764,1.5382098,2.0104715,2.0261656,-6.775e-06,-2.8958e-05,0.010830957,0.003939888,1.2316805,0.004252852,-9.9e+37,293.347,291.407,293.285,292.943,140.272996947169,NaN,20.9187494648451,16.5750388942665,0.0371867079782446,151.190227414743,24.63361,-9.9e+37,293.347,292.943,293.285,292.943,0.286846117228243
20230610140132.4,141.133000329137,9.7714886,1.5744821,2.0096264,2.0260997,1.2348e-05,-5.464e-06,-0.008902916,0.003581577,1.2316805,-0.003770187,-9.9e+37,293.356,291.401,293.23,292.954,141.133000329137,NaN,20.918505389971,15.522572842794,0.0371042090570048,154.817413246937,24.63361,-9.9e+37,293.356,292.954,293.23,292.954,0.355585218107014
20230610140133.3,142.003997415304,9.7715325,1.8198372,2.0096483,2.0261217,-3.934e-06,3.169e-06,0.010025166,0.058273841,1.2314391,0.014415052,-9.9e+37,293.328,291.428,293.271,292.948,142.003997415304,NaN,20.9186274274081,15.5498465459377,0.0371317504267661,179.352624484614,24.628782,-9.9e+37,293.328,292.948,293.271,292.948,0.352333244783067
20230610140134.2,142.895000427961,9.7712691,1.5978367,2.0096044,2.0262095,1.5845e-05,2.7865e-05,-0.029084462,-0.003577973,1.2315049,-0.00465247,-9.9e+37,293.366,291.393,293.214,292.962,142.895000427961,NaN,20.9178952027857,15.4951746021925,0.0372416655297232,157.152844808667,24.630098,-9.9e+37,293.366,292.962,293.214,292.962,0.487012395343717
20230610140135,143.758001178503,9.7713021,1.7929926,2.0095935,2.0262534,1.3769e-05,3.169e-06,-0.005188787,0.000360059,1.2314061,-0.004652579,-9.9e+37,293.361,291.393,293.239,292.964,143.758001178503,NaN,20.9179869393557,15.4816000193482,0.0372966230812009,176.668197172563,24.628122,-9.9e+37,293.361,292.964,293.239,292.964,0.492279078213464
20230610140135.9,144.624995067716,9.7712362,1.6070117,2.00978,2.0261875,3.8683e-05,-3.606e-06,0.003581577,0.008814078,1.231472,0.002015019,-9.9e+37,293.361,291.445,293.233,292.954,144.624995067716,NaN,20.9178037442053,15.7138623771757,0.0372141241599611,158.070333636516,24.62944,-9.9e+37,293.361,292.954,293.233,292.954,0.508322090889616
20230610140136.8,145.491999015212,9.7712911,1.6634775,2.0104934,2.0260887,-9.83e-07,-2.262e-05,0.004163682,0.007564524,1.2314061,0.005012855,-9.9e+37,293.366,291.423,293.282,292.948,145.491999015212,NaN,20.917956360499,16.6023125974107,0.037090438372124,163.716844879626,24.628122,-9.9e+37,293.366,292.948,293.282,292.948,0.481799345335758
20230610140137.7,146.390998363495,9.7712691,1.5351039,2.0105154,2.0260778,-3.6061e-05,7.977e-06,-0.003622994,0.021153685,1.2314061,0.004745023,-9.9e+37,293.345,291.358,293.285,292.981,146.390998363495,NaN,20.9178952027857,16.6297108380122,0.037076792875288,150.879641196714,24.628122,-9.9e+37,293.345,292.981,293.285,292.981,0.476201235021741
20230610140138.5,147.253999114037,9.7713569,1.677273,2.0104824,2.0261326,1.421e-06,-2.4805e-05,-0.006933682,0.006267106,1.2314061,-0.001743255,-9.9e+37,293.356,291.382,293.277,292.951,147.253999114037,NaN,20.9181392776598,16.5886134771099,0.0371453959236026,165.096378081215,24.628122,-9.9e+37,293.356,292.951,293.277,292.951,0.439880517289768
20230610140139.4,148.116999864578,9.7712143,1.6383999,2.0105263,2.0261436,-5.464e-06,-2.4259e-05,0.002687167,0.005014275,1.2313952,0.002731095,-9.9e+37,293.336,291.374,293.288,292.932,148.116999864578,NaN,20.9177428644815,16.6432854208556,0.0371591666084834,161.209115415946,24.627904,-9.9e+37,293.336,292.932,293.288,292.932,0.522395397090997
20230610140140.3,149.020002409816,9.7711813,1.8186739,2.0104715,2.0261765,-2.513e-06,6.229e-06,-0.000847969,0.017734592,1.2313732,0.007563977,-9.9e+37,293.312,291.398,293.277,292.954,149.020002409816,NaN,20.9176511279115,16.5750388942665,0.0372003534750807,179.236295901133,24.627464,-9.9e+37,293.312,292.954,293.277,292.954,0.571033611061417
20230610140141.2,149.870993569493,9.7713569,1.7295575,2.0112507,2.0261546,4.218e-05,-4.262e-06,-0.015300711,-0.007604625,1.2313293,-0.004382672,-9.9e+37,293.345,291.377,293.241,292.937,149.870993569493,NaN,20.9181392776598,17.5454347613918,0.0371729372933638,170.324764415782,24.626586,-9.9e+37,293.345,292.937,293.241,292.937,0.43787422801596
20230610140142,150.726993754506,9.7711704,1.7284051,2.0113824,2.0261985,-6.447e-06,-1.4424e-05,0.012487338,0.011145011,1.2313952,0.004118989,-9.9e+37,293.347,291.336,293.28,292.959,150.726993754506,NaN,20.9176208270445,17.7094505926293,0.0372278948448419,170.209525819029,24.627904,-9.9e+37,293.347,292.959,293.28,292.959,0.553073242964107
20230610140142.9,151.589994505048,9.7713789,1.4687168,2.0113495,2.0261765,-5.573e-06,2.95e-06,-0.000892771,0.021123416,1.2314171,0.004476427,-9.9e+37,293.323,291.338,293.258,292.934,151.589994505048,NaN,20.9182004353731,17.6684777691844,0.0372003534750807,144.241012034505,24.628342,-9.9e+37,293.323,292.934,293.258,292.934,0.387898183915411
20230610140143.7,152.456998452544,9.771346,1.6586815,2.0113824,2.0261765,-6.556e-06,6.556e-06,-0.009304717,-0.002726836,1.2313293,-0.00272771,-9.9e+37,293.328,291.3,293.232,292.944,152.456998452544,NaN,20.9181089767927,17.7094505926293,0.0372003534750807,163.237250719586,24.626586,-9.9e+37,293.328,292.944,293.232,292.944,0.432938898754897
20230610140144.6,153.336001932621,9.7713569,1.678173,2.0120189,2.0262095,-1.311e-06,9.179e-06,0.005640637,0.002374205,1.2313952,-0.001162681,-9.9e+37,293.304,291.284,293.248,292.939,153.336001932621,NaN,20.9181392776598,18.5021315082163,0.0372416655297232,165.18637698531,24.627904,-9.9e+37,293.304,292.939,293.248,292.939,0.420503527715923
20230610140145.5,154.190996289253,9.7714338,1.6110615,2.0114043,2.0261985,-2.9286e-05,7.758e-06,0.002105609,-0.021863619,1.2313403,-0.004562428,-9.9e+37,293.312,291.248,293.262,292.93,154.190996289253,NaN,20.9183530516669,17.7367242957739,0.0372278948448419,158.475308705183,24.626806,-9.9e+37,293.312,292.93,293.262,292.93,0.370904105739186
20230610140146.4,155.098002031446,9.7715545,1.7930146,2.0114043,2.0261217,2.732e-06,-3.3001e-05,0.011055516,-0.009931842,1.2314281,-0.007336575,-9.9e+37,293.32,291.284,293.254,292.925,155.098002031446,NaN,20.9186885851214,17.7367242957739,0.0371317504267661,176.670397145774,24.628562,-9.9e+37,293.32,292.925,293.254,292.925,0.317663525857479
20230610140147.2,155.948993191123,9.7714338,1.5523455,2.0114043,2.0261217,4.36e-05,-4.699e-06,0.004342894,-0.013334101,1.2313622,-0.002458895,-9.9e+37,293.317,291.251,293.207,292.933,155.948993191123,NaN,20.9183530516669,17.7367242957739,0.0371317504267661,152.603780202081,24.627244,-9.9e+37,293.317,292.933,293.207,292.933,0.368348970764252
20230610140148.1,156.820000335574,9.7715216,1.5792452,2.0113934,2.0261326,-2.19e-07,-2.6444e-05,0.012173939,0.008414352,1.2313403,0.001836792,-9.9e+37,293.315,291.246,293.224,292.95,156.820000335574,NaN,20.918597126541,17.7231497129305,0.0371453959236026,155.293717447038,24.626806,-9.9e+37,293.315,292.95,293.224,292.95,0.31740588422642
20230610140149,157.683996856213,9.7715655,1.9058805,2.0115799,2.0261765,-3.934e-06,2.623e-06,0.004835284,0.052838518,1.2313622,0.011681221,-9.9e+37,293.302,291.227,293.225,292.94,157.683996856213,NaN,20.9187191639781,17.9554120707571,0.0372003534750807,187.956849711996,24.627244,-9.9e+37,293.302,292.94,293.225,292.94,0.314970369602154
20230610140149.9,158.570000901818,9.7714996,1.6204999,2.0120738,2.0261875,-2.8848e-05,8.305e-06,-0.007426617,0.006119258,1.2313403,-8.7529e-05,-9.9e+37,293.302,291.189,293.214,292.954,158.570000901818,NaN,20.9185359688277,18.5705025722627,0.0372141241599611,159.419137212296,24.626806,-9.9e+37,293.302,292.954,293.214,292.954,0.325506268656189
20230610140150.7,159.438000619411,9.7720703,1.6009207,2.0113934,2.0262314,1.049e-05,5.464e-06,-0.013779723,-0.00500936,1.2313622,-0.009304936,-9.9e+37,293.297,291.189,293.16,292.956,159.438000619411,NaN,20.9201224555096,17.7231497129305,0.0372690817114396,157.461241053363,24.627244,-9.9e+37,293.297,292.956,293.16,292.956,-0.0237455448553696
20230610140151.6,160.308997705579,9.7720484,1.6975656,2.0113714,2.0261546,-4.37e-07,-2.7319e-05,0.014993005,0.003761224,1.2313622,-0.000400053,-9.9e+37,293.313,291.205,293.231,292.942,160.308997705579,NaN,20.9200615757858,17.6957514723281,0.0371729372933638,167.125613371461,24.627244,-9.9e+37,293.313,292.942,293.231,292.942,-0.0057750658589776
20230610140152.5,161.21499761939,9.7714886,1.7879881,2.0105263,2.0262314,-4.065e-05,9.07e-06,0.002956638,0.008236561,1.2313622,0.003223923,-9.9e+37,293.302,291.156,293.209,292.955,161.21499761939,NaN,20.918505389971,16.6432854208556,0.0372690817114396,176.167753266408,24.627244,-9.9e+37,293.302,292.955,293.209,292.955,0.362215196094157
20230610140153.4,162.070002034307,9.7711923,1.5749321,2.0104824,2.0261107,7.649e-06,-3.825e-06,-0.004919864,0.001165739,1.2313513,-0.003040234,-9.9e+37,293.316,291.183,293.203,292.942,162.070002034307,NaN,20.9176817067682,16.5886134771099,0.0371179797418852,154.862412698984,24.627026,-9.9e+37,293.316,292.942,293.203,292.942,0.527755342412934
20230610140154.2,162.940999120474,9.7715984,1.5275203,2.0112836,2.0262534,-2.404e-06,9.398e-06,0.004746007,0.00487954,1.2316256,0.003318663,-9.9e+37,293.28,291.109,293.213,292.94,162.940999120474,NaN,20.9188106225585,17.5864075848367,0.0372966230812009,150.121290431061,24.632512,-9.9e+37,293.28,292.94,293.213,292.94,0.260129914261116
20230610140155.1,163.827998936176,9.7715325,1.6884894,2.010658,2.0261217,1.4971e-05,3.158e-05,-0.016509723,-0.006441182,1.2316147,-0.006039488,-9.9e+37,293.289,291.09,293.175,292.943,163.827998936176,NaN,20.9186274274081,16.8073012520931,0.0371317504267661,166.218004423306,24.632294,-9.9e+37,293.289,292.943,293.175,292.943,0.329340964940702
20230610140156,164.694992825389,9.7714996,1.6459506,2.0105154,2.0262095,1.3113e-05,1.661e-05,-0.000624612,-0.006531552,1.2316037,-0.005815694,-9.9e+37,293.319,291.101,293.161,292.962,164.694992825389,NaN,20.9185359688277,16.6297108380122,0.0372416655297232,161.964176221662,24.632074,-9.9e+37,293.319,292.962,293.161,292.962,0.341824388880078
20230610140156.8,165.554996207356,9.7715655,1.6739037,2.0105263,2.0262314,1.1365e-05,-3.28e-07,0.000222155,-0.006799056,1.2315927,-0.005099074,-9.9e+37,293.319,291.047,293.178,292.954,165.554996207356,NaN,20.9187191639781,16.6432854208556,0.0372690817114396,164.759452183922,24.631854,-9.9e+37,293.319,292.954,293.178,292.954,0.301879613083394
20230610140157.7,166.429996490479,9.7719386,1.5773685,2.0105483,2.0262095,-1.093e-06,1.0927e-05,0.010026149,0.018984148,1.2316147,0.005320791,-9.9e+37,293.278,291.003,293.235,292.943,166.429996490479,NaN,20.9197563431984,16.6706836614571,0.0372416655297232,155.106049732245,24.632294,-9.9e+37,293.278,292.943,293.235,292.943,0.0661089946323434
20230610140158.6,167.339999601245,9.7720045,1.5782795,2.0104495,2.0252546,1.4971e-05,3.2345e-05,-0.016509723,-0.016106938,1.2315159,-0.002816987,-9.9e+37,293.313,290.998,293.175,292.932,167.339999601245,NaN,20.9199395383488,16.547640653665,0.0360462448940373,155.197148622945,24.630318,-9.9e+37,293.313,292.932,293.175,292.932,0.0817776331762076
20230610140159.5,168.194993957877,9.7723447,1.5108823,2.0096483,2.0253315,-4.1524e-05,9.944e-06,0.007877922,-0.003264465,1.2315817,0.00130703,-9.9e+37,293.302,290.979,293.227,292.943,168.194993957877,NaN,20.9208852589886,15.5498465459377,0.0361425145001579,148.457510690707,24.631634,-9.9e+37,293.302,292.943,293.227,292.943,-0.120214467195637
20230610140200.4,169.06299367547,9.7723447,1.8086099,2.0095715,2.0251998,1.4643e-05,1.355e-05,-0.009618771,-0.047402308,1.2313403,-0.007425306,-9.9e+37,293.346,290.968,293.197,292.954,169.06299367547,NaN,20.9208852589886,15.4542017787467,0.0359776418457232,178.229908155796,24.626806,-9.9e+37,293.346,292.954,293.197,292.954,-0.122805055756886
20230610140201.2,169.948997721076,9.772224,1.8209786,2.0095825,2.0253205,1.7702e-05,2.5789e-05,0.006222195,-0.012884437,1.2313183,-0.004114838,-9.9e+37,293.332,290.97,293.213,292.943,169.948997721076,NaN,20.9205497255341,15.4679008990479,0.0361287438152771,179.466763094762,24.626366,-9.9e+37,293.332,292.943,293.213,292.943,-0.0515287842349723
20230610140202.1,170.809001103044,9.7722679,1.6455007,2.0095276,2.0253973,1.3769e-05,-3.28e-07,0.000660782,-0.012615841,1.2313403,-0.004562319,-9.9e+37,293.327,290.984,293.194,292.946,170.809001103044,NaN,20.9206717629712,15.3995298350014,0.0362248882333529,161.919186769493,24.626806,-9.9e+37,293.327,292.946,293.194,292.946,-0.0803247780002145
20230610140203,171.684001386166,9.7722898,1.6552573,2.0097581,2.0252876,-1.639e-06,8.086e-06,0.006356495,0.003179339,1.2313074,0.005148027,-9.9e+37,293.321,291.003,293.229,292.938,171.684001386166,NaN,20.9207326426949,15.6865886740316,0.0360875569486794,162.894834889143,24.626148,-9.9e+37,293.321,292.938,293.229,292.938,-0.0900332006547999
20230610140203.8,172.538995742798,9.7722788,1.636589,2.0104934,2.0253315,3.8027e-05,-2.404e-06,-0.003711507,-0.004613787,1.2315708,-0.000445511,-9.9e+37,293.335,291.028,293.205,292.905,172.538995742798,NaN,20.9207020638382,16.6023125974107,0.0361425145001579,161.028027621031,24.631416,-9.9e+37,293.335,292.905,293.205,292.905,-0.0923177723842591
20230610140204.7,173.44499565661,9.7722569,1.6331759,2.0104934,2.0253534,-3.715e-06,-5.354e-06,0.011995167,-0.000176369,1.2315269,0.008101061,-9.9e+37,293.306,291.022,293.223,292.901,173.44499565661,NaN,20.9206411841145,16.6023125974107,0.0361699306818748,160.686721777071,24.630538,-9.9e+37,293.306,292.901,293.223,292.901,-0.0798939485258482
20230610140205.6,174.300995841622,9.7723557,1.6117858,2.0095825,2.0253863,5.464e-06,-3.8137e-05,-0.004517407,-0.002189862,1.2315817,-0.000937464,-9.9e+37,293.331,291.041,293.196,292.92,174.300995841622,NaN,20.9209158378453,15.4679008990479,0.0362111175484725,158.547737823222,24.631634,-9.9e+37,293.331,292.92,293.196,292.92,-0.133580070484429
20230610140206.4,175.159993395209,9.7720703,1.5897372,2.0096044,2.0253534,-1.3113e-05,9.398e-06,-0.000490205,0.003985346,1.2313183,0.002955326,-9.9e+37,293.314,290.998,293.22,292.931,175.159993395209,NaN,20.9201224555096,15.4951746021925,0.0361699306818748,156.342904671211,24.626366,-9.9e+37,293.314,292.931,293.22,292.931,0.0440356974511864
20230610140207.4,176.07399970293,9.7719496,1.6618752,2.0104605,2.0252766,2.19e-07,8.523e-06,0.001210432,0.011234398,1.2312854,0.004208158,-9.9e+37,293.328,291.041,293.206,292.92,176.07399970293,NaN,20.919786922055,16.5613397739658,0.036073786263799,163.556616830703,24.625708,-9.9e+37,293.328,292.92,293.206,292.92,0.116970697674281
20230610140208.2,176.929999887943,9.7715984,1.6742439,2.0105373,2.0252656,-5.901e-06,-2.5133e-05,0.002642911,-0.009931732,1.2313513,-0.001654306,-9.9e+37,293.314,291.049,293.226,292.887,176.929999887943,NaN,20.9188106225585,16.6569845411568,0.0360600155789181,164.793471769669,24.627026,-9.9e+37,293.314,292.887,293.226,292.887,0.338395079368607
20230610140209.1,177.78899744153,9.7711484,1.4618464,2.0104824,2.0253315,1.7156e-05,3.3438e-05,-0.005994467,-0.016196215,1.2312744,-0.00532385,-9.9e+37,293.361,291.039,293.166,292.923,177.78899744153,NaN,20.9175596693311,16.5886134771099,0.0361425145001579,143.553980400407,24.625488,-9.9e+37,293.361,292.923,293.166,292.923,0.577007406133434
20230610140209.9,178.651998192072,9.771313,1.6805436,2.0111519,2.0252876,1.6063e-05,3.005e-05,0.00053905,-0.004293832,1.2312854,-0.004965104,-9.9e+37,293.35,291.06,293.193,292.939,178.651998192072,NaN,20.9180172402227,17.4223917535992,0.0360875569486794,165.423434098694,24.625708,-9.9e+37,293.35,292.939,293.193,292.939,0.511695773602219
20230610140210.8,179.51599471271,9.7714667,1.5580085,2.0113934,2.0252985,1.7047e-05,2.8302e-05,0.001523831,-0.005949118,1.2312964,-0.003443238,-9.9e+37,293.344,291.082,293.179,292.936,179.51599471271,NaN,20.9184445102473,17.7231497129305,0.0361012024455158,153.170073306398,24.625928,-9.9e+37,293.344,292.936,293.179,292.936,0.396228775476011
20230610140211.7,180.387001857162,9.7714447,1.6342843,2.0114373,2.0253315,-6.229e-06,-2.9286e-05,0.017006607,0.002955545,1.2313183,0.004432171,-9.9e+37,293.314,291.123,293.258,292.896,180.387001857162,NaN,20.9183833525339,17.7778216566758,0.0361425145001579,160.797560427402,24.626366,-9.9e+37,293.314,292.896,293.258,292.896,0.417322420168975
20230610140212.5,181.250002607703,9.7720703,1.6214217,2.0113604,2.0253534,-2.076e-06,4.699e-06,0.004443535,-0.001966831,1.2314939,0.006088006,-9.9e+37,293.306,291.112,293.217,292.915,181.250002607703,NaN,20.9201224555096,17.6820523520278,0.0361699306818748,159.511316089845,24.629878,-9.9e+37,293.306,292.915,293.217,292.915,0.0276668885296822
20230610140213.4,182.156002521515,9.7720813,1.6211474,2.0113824,2.0252546,1.6938e-05,7.649e-06,-0.014943384,-0.040085969,1.2313403,-0.008231969,-9.9e+37,293.328,291.123,293.174,292.926,182.156002521515,NaN,20.9201530343662,17.7094505926293,0.0360462448940373,159.483886423853,24.626806,-9.9e+37,293.328,292.926,293.174,292.926,0.0264072501488678
20230610140214.3,183.019999042153,9.7715106,1.7195922,2.0113714,2.0252546,-3.4859e-05,9.288e-06,0.012129465,0.00357065,1.2314281,0.001389095,-9.9e+37,293.32,291.074,293.212,292.926,183.019999042153,NaN,20.9185665476843,17.6957514723281,0.0360462448940373,169.328246550261,24.628562,-9.9e+37,293.32,292.926,293.212,292.926,0.391468246214757
20230610140215.2,183.886992931366,9.7715106,1.7758825,2.012008,2.0253205,1.8686e-05,8.851e-06,-0.00943967,-0.01181147,1.231483,-0.007023178,-9.9e+37,293.336,291.093,293.179,292.931,183.886992931366,NaN,20.9185665476843,18.4885569253724,0.0361287438152771,174.957208007073,24.62966,-9.9e+37,293.336,292.931,293.179,292.931,0.387499897073751
20230610140216,184.758000075817,9.7714228,1.5842059,2.0120628,2.0253095,5.4419e-05,-4.371e-06,0.004297982,-0.006933026,1.2314391,-0.001027181,-9.9e+37,293.331,291.12,293.196,292.896,184.758000075817,NaN,20.9183224728102,18.5568034519615,0.0361149731303967,155.789781406526,24.628782,-9.9e+37,293.331,292.896,293.196,292.896,0.419514345527085
20230610140216.9,185.63699349761,9.7714338,1.5462983,2.0120189,2.0260778,1.1255e-05,-8.74e-07,-0.000668868,-0.004651486,1.2315049,-0.001832314,-9.9e+37,293.347,291.101,293.193,292.912,185.63699349761,NaN,20.9183530516669,18.5021315082163,0.037076792875288,151.999067565594,24.630098,-9.9e+37,293.347,292.912,293.193,292.912,0.36435848707844
20230610140217.8,186.503997445107,9.7717301,1.6687126,2.0120848,2.0261217,-2.076e-06,2.623e-06,0.012487447,0.057882311,1.231461,0.016675067,-9.9e+37,293.314,291.109,293.239,292.928,186.503997445107,NaN,20.9191767348697,18.5842016925631,0.0371317504267661,164.240348504985,24.62922,-9.9e+37,293.314,292.928,293.239,292.928,0.189325182206265
20230610140218.6,187.359001860023,9.7712362,1.6354696,2.0120628,2.0261985,1.3441e-05,-4.59e-06,-0.022837253,-0.014552948,1.2313622,-0.005362971,-9.9e+37,293.336,291.148,293.182,292.901,187.359001860023,NaN,20.9178037442053,18.5568034519615,0.0372278948448419,160.916088984094,24.627244,-9.9e+37,293.336,292.901,293.182,292.901,0.490310556387132
20230610140219.6,188.261994346976,9.7712911,1.641407,2.0120738,2.0262643,2.1964e-05,-3.278e-06,0.003939888,0.007882403,1.2313732,0.002642365,-9.9e+37,293.342,291.167,293.174,292.917,188.261994346976,NaN,20.917956360499,18.5705025722627,0.0373102685780369,161.509821754281,24.627464,-9.9e+37,293.342,292.917,293.174,292.917,0.453027894786375
20230610140220.4,189.124995097518,9.7713021,1.5976501,2.0120518,2.0261985,1.0927e-05,-2.841e-06,-0.008105648,0.006758843,1.231483,0.000136811,-9.9e+37,293.35,291.194,293.166,292.915,189.124995097518,NaN,20.9179869393557,18.5431043316612,0.0372278948448419,157.134185035885,24.62966,-9.9e+37,293.35,292.915,293.166,292.915,0.444102391473628
20230610140221.3,189.983992651105,9.7707862,1.6107981,2.0129408,2.0261985,2.076e-06,8.742e-06,-0.004696289,0.017991281,1.2313622,0.006669129,-9.9e+37,293.306,291.145,293.198,292.931,189.983992651105,NaN,20.9165527909779,19.6502423268798,0.0372278948448419,158.448969025918,24.627244,-9.9e+37,293.306,292.931,293.198,292.931,0.75592803839671
