20230531161256.6,0,9.7998163,1.9840947,2.0044614,2.0352926,9.652e-06,3.704e-06,0.001016017,0.000282932,1.3969036,3.6372586,271.232,292.005,291.928,292.101,291.838,0,NaN,20.9476583554325,-1.52503616072045,412.622564326623,195.778174472663,27.938072,271.232,292.005,291.838,292.101,291.838,0.0273525205784939
20230531161257.9,1.27699971199036,9.7995572,1.7067484,2.0092151,2.0311022,-1.0662e-05,-4.377e-06,-0.00223803,0.091890328,1.4022768,3.6498187,271.187,292.019,291.942,292.092,291.661,1.27699971199036,NaN,20.9469392371353,4.50090136294148,359.613005624287,168.043882189812,28.045536,271.187,292.019,291.661,292.092,291.661,0.80561583946964
20230531161258.9,2.27300114929676,9.7990728,1.7200632,2.0096319,2.0316204,1.863e-05,6.622e-06,-0.43292883,-0.00106278,1.3997873,3.6283145,271.173,292.005,291.979,292.106,291.969,2.27300114929676,NaN,20.9455948106466,5.02924996715774,366.168359127427,169.375345976737,27.995746,271.173,292.005,291.969,292.106,291.969,1.38263522315848
20230531161259.8,3.17500792443752,9.7993432,1.6501437,2.0077619,2.0330172,7.407e-06,4.601e-06,-0.1887495,-0.19976537,1.3917218,3.6170387,271.136,292.017,291.945,292.104,291.992,3.17500792443752,NaN,20.9463452914941,2.65877998183123,383.838212028208,162.383481115836,27.834436,271.136,292.017,291.992,292.104,291.992,0.863070473919326
20230531161300.6,4.04700078070164,9.7988588,1.7308322,2.0086068,2.0354278,-7.86e-07,-4.153e-06,0.45448118,0.34849827,1.383341,3.6489288,271.1,292.011,291.903,292.101,291.698,4.04700078070164,NaN,20.9450008650055,3.7298014206558,414.332876548975,170.452232863614,27.66682,271.1,292.011,291.698,292.101,291.698,1.20941357847285
20230531161301.5,4.9490075558424,9.7988475,1.7071314,2.0100486,2.0360248,1.235e-06,-3.03e-06,0.33167138,0.29118201,1.3813809,3.6509339,271.066,292.014,291.892,292.106,291.633,4.9490075558424,NaN,20.9449695024553,5.55747180827302,421.885068832595,168.082181723443,27.627618,271.066,292.014,291.633,292.106,291.633,1.10969440190614
20230531161302.4,5.80400191247463,9.7992756,1.646753,2.0088546,2.0340648,1.571e-06,3.704e-06,0.12213149,0.14047666,1.3870132,3.6376754,271.043,292.011,291.897,292.126,291.687,5.80400191247463,NaN,20.9461576712822,4.04392038448668,397.090601703785,162.044415244601,27.740264,271.043,292.011,291.687,292.126,291.687,0.797596098622028
20230531161303.3,6.65599890053272,9.756977,2.166931,2.0090911,2.0312374,9.54e-06,7.632e-06,-0.36307082,-0.22580415,1.3821582,3.6345101,271.038,292.019,291.914,292.106,291.857,6.65599890053272,NaN,20.8287601521394,4.34371511792506,361.323317846647,214.061581837805,27.643164,271.038,292.019,291.857,292.106,291.857,64.9884718611503
20230531161304.1,7.50700011849403,9.7905906,1.7074018,2.0099585,2.0337043,1.8967e-05,8.866e-06,-0.5468456,-0.50158347,1.3825412,3.6422038,271.049,292.008,291.911,292.09,291.899,7.50700011849403,NaN,20.9220529147712,5.44325825443457,392.530190785452,168.109221394184,27.650824,271.049,292.008,291.899,292.09,291.899,12.4407149287329
20230531161305.1,8.47999826073647,9.78916,1.7910642,2.0124931,2.0361825,7.183e-06,5.61e-07,0.001025332,-0.21006818,1.3831382,3.6412125,270.978,292.003,291.937,292.104,291.751,8.47999826073647,NaN,20.9180823604057,8.65619580780822,423.880011417397,176.475359520724,27.662764,270.978,292.003,291.751,292.104,291.751,14.3284057949491
20230531161306,9.40200090408325,9.7988588,1.6876662,2.0102401,2.0380863,-1.3804e-05,-5.724e-06,0.00066354,0.56091961,1.3854925,3.6476784,270.964,291.989,291.962,292.092,291.681,9.40200090408325,NaN,20.9450008650055,5.80022314634243,447.963535152005,166.135685425695,27.70985,270.964,291.989,291.681,292.092,291.681,0.822143114022798
20230531161306.8,10.23800522089,9.7983294,1.6706565,2.0081787,2.03714,3.816e-06,4.49e-07,0.14514166,0.21504938,1.3697558,3.654516,270.927,291.983,291.984,292.087,291.611,10.23800522089,NaN,20.9435315434054,3.18712858604704,435.992614619357,164.43473613795,27.395116,270.927,291.983,291.611,292.087,291.611,1.68252614659128
20230531161307.9,11.3359976559877,9.7989602,1.6924198,2.00534,2.0341211,7.856e-06,2.694e-06,0.000945088,0.000958106,1.3702628,3.6528489,270.913,291.994,291.987,292.067,291.597,11.3359976559877,NaN,20.9452822953233,-0.411295556919413,397.802810121826,166.611039637363,27.405256,270.913,291.994,291.597,292.067,291.597,1.29683882467606
20230531161308.8,12.1720019727945,9.799805,1.788372,2.0018818,2.0335804,8.529e-06,5.499e-06,-0.013584317,-0.006080732,1.3707809,3.6326064,270.888,291.986,291.923,292.067,291.569,12.1720019727945,NaN,20.9476269928823,-4.79501710946306,390.962826256236,176.206142798944,27.415618,270.888,291.986,291.569,292.067,291.569,0.32140137692758
20230531161309.6,13.0150068551302,9.7519079,1.7671155,2.0006314,2.035011,1.257e-05,3.704e-06,-0.046735993,-0.092560512,1.3716483,3.6569492,270.871,291.997,291.847,292.059,291.591,13.0150068551302,NaN,20.8146911341509,-6.38006292211139,409.060257212601,174.080518682413,27.432966,270.871,291.997,291.591,292.059,291.591,65.2387144956923
20230531161310.5,13.8590075075626,9.79976,1.8603641,1.9985362,2.0373653,8.754e-06,1.683e-06,0.003861608,-0.048187793,1.3723918,3.6566338,270.843,291.98,291.813,292.076,291.575,13.8590075075626,NaN,20.9475020977709,-9.03600341048377,438.842713315338,183.405265136095,27.447836,270.843,291.98,291.575,292.076,291.575,-0.0408980949967095
20230531161311.3,14.707001298666,9.7997825,1.8977402,1.9975787,2.0373878,3.479e-06,5.163e-06,0.025868129,-0.001750676,1.3730676,3.6344988,270.831,291.991,291.791,292.078,291.675,14.707001298666,NaN,20.9475645453266,-10.2497601008317,439.127343677785,187.142829624221,27.461352,270.831,291.991,291.675,292.078,291.675,-0.0547863314923901
20230531161312.1,15.5500061810017,9.7550507,1.7127412,2.001082,2.0360136,7.407e-06,3.591e-06,0.001195248,-0.001573689,1.3738224,3.6391736,270.797,291.994,291.794,292.064,291.566,15.5500061810017,NaN,20.823413808735,-5.8088683898186,421.743386163289,168.64315489254,27.476448,270.797,291.994,291.566,292.064,291.566,59.8751721333182
20230531161313.1,16.4880014955997,9.7516374,1.7135635,2.0035264,2.0367796,1.6049e-05,5.387e-06,-0.097201304,0.00034189,1.3744419,3.6317503,270.814,291.98,291.808,292.062,291.874,16.4880014955997,NaN,20.8139403757587,-2.71027115338347,431.433468724856,168.725383891247,27.488838,270.814,291.98,291.874,292.062,291.874,64.2666167756177
20230531161314.1,17.468000203371,9.7994108,1.7806443,2.0052499,2.0382327,7.744e-06,7.86e-07,0.034485717,0.000105608,1.3747686,3.6312771,270.755,291.983,291.83,292.09,291.855,17.468000203371,NaN,20.946532911706,-0.525509110757866,449.81553004367,175.433382208757,27.495372,270.755,291.983,291.855,292.09,291.855,0.179325045851116
20230531161315,18.4060055762529,9.7958962,1.8306255,2.0066693,2.0390212,1.5375e-05,4.601e-06,-0.079480866,-0.00098069,1.3750502,3.6269741,270.769,291.989,291.855,292.081,291.885,18.4060055762529,NaN,20.9367783259566,1.27376634227585,459.790242967687,180.43144134799,27.501004,270.769,291.989,291.885,292.081,291.885,4.9166765520595
20230531161316,19.3750005215406,9.7998501,1.868407,2.0082801,2.0394493,5.163e-06,-1.571e-06,0.088485715,-0.000380908,1.3754219,3.6357492,270.718,291.977,291.867,292.081,291.804,19.3750005215406,NaN,20.9477521655385,3.315666370278,465.205809997195,184.209545342471,27.508438,270.718,291.977,291.804,292.081,291.804,-0.661204615099589
20230531161316.8,20.2110048383474,9.7836516,1.8649939,2.0092939,2.0358671,2.918e-06,5.163e-06,-0.034760404,-0.021820981,1.3750389,3.6246423,270.721,291.986,291.906,292.084,291.922,20.2110048383474,NaN,20.9027940885847,4.60079068638697,419.890126247796,183.868239498512,27.500778,270.721,291.986,291.922,292.084,291.922,22.4385070832148
20230531161317.6,21.0469990968704,9.7996473,1.6792064,2.0103753,2.0365092,3.37e-07,2.581e-06,0.004436114,0.02482551,1.3749714,3.625228,270.696,291.989,291.925,292.073,291.944,21.0469990968704,NaN,20.9471893049029,5.97160685865083,428.012844280143,165.289715726966,27.499428,270.696,291.989,291.944,292.073,291.944,-0.0285251870518511
20230531161318.5,21.9060067087412,9.8000529,1.7286919,2.0094516,2.0381426,9.315e-06,2.357e-06,-0.091544501,-0.057362119,1.3749376,3.6366616,270.707,291.994,291.962,292.078,291.93,21.9060067087412,NaN,20.9483150261741,4.8006960963794,448.675743570046,170.2382054698,27.498752,270.707,291.994,291.93,292.078,291.93,-0.765392941684491
20230531161319.4,22.7569978684187,9.7879547,1.6849289,2.0056104,2.0380863,4.714e-06,-1.347e-06,0.008723975,-0.011781228,1.3691138,3.6360871,270.659,291.989,291.982,292.067,291.922,22.7569978684187,NaN,20.9147371142315,-0.0685281323030722,447.963535152005,165.861958758831,27.382276,270.659,291.989,291.922,292.067,291.922,15.4048297292722
20230531161320.2,23.621004447341,9.787842,1.7571238,2.0032561,2.036543,4.714e-06,-1.235e-06,0.046364159,0.009209033,1.3618817,3.6433641,270.659,291.969,291.996,292.048,291.799,23.621004447341,NaN,20.9144243213635,-3.05291181489883,428.440422335734,173.081360849039,27.237634,270.659,291.969,291.799,292.048,291.799,16.1507466635815
20230531161321.1,24.4720056653023,9.799591,1.8736563,2.0033687,2.034842,-1.908e-06,2.245e-06,0.011860242,0.009926182,1.3619605,3.6172076,270.631,291.983,292.038,292.059,292.023,24.4720056653023,NaN,20.9470330472412,-2.91017656337681,406.922366934657,184.73446895054,27.23921,270.631,291.983,292.023,292.059,292.023,0.427390493548588
20230531161321.9,25.3079999238253,9.7996473,1.6801752,2.0034926,2.0357432,4.153e-06,-6.73e-07,0.018356681,0.015616919,1.3619042,3.6403677,270.628,291.997,292.063,292.056,291.843,25.3079999238253,NaN,20.9471893049029,-2.75311708146091,418.322761718584,165.386594547284,27.238084,270.628,291.997,291.843,292.056,291.843,0.212794427067139
20230531161322.9,26.3360068202019,9.7895655,1.6210697,2.0054414,2.0358559,-1.2121e-05,-5.275e-06,-0.00043411,0.00157337,1.3619267,3.6297001,270.594,291.966,292.094,292.062,291.857,26.3360068202019,NaN,20.9192078041323,-0.282757772688001,419.74844357849,159.476116518466,27.238534,270.594,291.966,291.857,292.062,291.857,13.2969419559121
20230531161323.8,27.1720010787249,9.7992981,1.7363856,1.9903353,2.037309,1.6498e-05,1.055e-05,-0.64409628,-0.36835773,1.3619493,3.6174217,270.605,291.994,292.099,292.053,291.961,27.1720010787249,NaN,20.946220118838,-19.4317185455993,438.130504897301,171.007566101388,27.238986,270.605,291.994,291.961,292.053,291.961,0.766134957387935
20230531161324.6,28.0309986323118,9.7997712,2.0120988,2.0055766,2.0358108,6.06e-06,5.05e-06,-0.16607339,-0.1128363,1.3619605,3.6165994,270.594,291.983,292.11,292.062,291.989,28.0309986323118,NaN,20.9475331827764,-0.111374060380058,419.177917829762,198.578550372821,27.23921,270.594,291.983,291.989,292.062,291.989,-0.00438154696639331
20230531161325.7,29.1400048881769,9.7998951,1.7491484,2.0071536,2.0348871,1.12e-07,3.704e-06,-0.000424341,-0.000379898,1.3620394,3.6325613,270.572,291.975,292.124,292.056,291.827,29.1400048881769,NaN,20.9478770606499,1.8876800395451,407.492892683393,172.283830560469,27.240788,270.572,291.975,291.827,292.056,291.827,-0.0861575062761212
20230531161326.8,30.1560021936893,9.7995797,1.7245014,2.0054414,2.0366444,3.37e-07,-4.489e-06,-0.00020806,-0.00074001,1.3620732,3.6432176,270.549,291.983,292.152,292.056,291.687,30.1560021936893,NaN,20.947001684691,-0.282757772688001,429.723156502503,169.81916057246,27.241464,270.549,291.983,291.687,292.056,291.687,0.149423500819048
20230531161327.6,30.9920065104961,9.7991517,1.6405687,2.0025802,2.0355179,-3.03e-06,-3.591e-06,0.40998134,0.49776417,1.3619943,3.642767,270.532,291.972,292.155,292.056,291.617,30.9920065104961,NaN,20.9458137934087,-3.90970361333893,415.4726630226,161.425992775057,27.239886,270.532,291.972,291.617,292.056,291.617,0.90794227453613
20230531161328.6,31.963998824358,9.7979914,1.6467643,2.0024112,2.0323976,6.285e-06,2.469e-06,0.000459245,0.14868091,1.3620507,3.6289116,270.549,291.977,292.178,292.073,291.832,31.963998824358,NaN,20.942593442346,-4.12393325372386,376.000124358299,162.045545230841,27.241014,270.549,291.977,291.832,292.073,291.832,2.82983743089096
20230531161329.4,32.8079994767904,9.7983744,1.8012812,2.0049232,2.0298631,6.958e-06,7.856e-06,-0.095401705,-0.10133235,1.3621295,3.6349156,270.535,291.98,292.15,292.059,291.757,32.8079994767904,NaN,20.9436564385168,-0.939644161135675,343.938095308313,177.497047079757,27.24259,270.535,291.98,291.757,292.059,291.757,2.71351785625648
20230531161330.4,33.7890040129423,9.7613477,1.8881315,2.0054977,2.0300884,5.724e-06,1.908e-06,0.019912188,0.000828818,1.3621182,3.6303647,270.532,291.983,292.099,292.077,291.821,33.7890040129423,NaN,20.840890797998,-0.211390146926988,346.788194004293,186.181971324477,27.242364,270.532,291.983,291.821,292.077,291.821,54.800201888581
20230531161331.2,34.6319988369942,9.7989489,1.9272309,2.0033124,2.0315415,8.081e-06,4.377e-06,-0.00646658,-0.007716148,1.3621746,3.6417758,270.512,291.986,292.012,292.072,291.55,34.6319988369942,NaN,20.9452509327731,-2.98154418913782,365.170255323108,190.091863714186,27.243492,270.512,291.986,291.55,292.072,291.55,1.7986478904064
20230531161332.2,35.6440030038357,9.7562448,1.7009922,1.9313538,2.0311022,2.5027e-05,1.0774e-05,-0.0003835,-0.00401271,1.3622196,3.6482529,270.524,291.989,291.99,292.057,291.658,35.6440030038357,NaN,20.8267279699036,-94.198496855518,359.613005624287,167.468269198982,27.244392,270.524,291.989,291.658,292.057,291.658,60.1996071302572
20230531161333.1,36.4800073206425,9.7997938,1.7213811,2.0015664,2.0292661,-6.846e-06,-5.05e-06,0.61918283,0.37732283,1.3621633,3.6450312,270.474,291.983,291.945,292.068,291.588,36.4800073206425,NaN,20.9475959078768,-5.19482792944791,336.385903024693,169.507134371965,27.243266,270.474,291.983,291.588,292.068,291.588,0.891389118080263
20230531161333.9,37.3240079730749,9.7992756,1.6848838,2.0030871,2.0297392,3.928e-06,2.24e-07,0.13784163,0.12113618,1.3621858,3.6434204,270.505,291.994,291.895,292.062,291.563,37.3240079730749,NaN,20.9461576712822,-3.26714145528422,342.370730779097,165.857448813748,27.243716,270.505,291.994,291.563,292.062,291.563,1.47913245899999
20230531161334.8,38.1600022315979,9.7864565,1.6972073,2.0041798,2.0332199,1.863e-05,6.622e-06,-0.36408187,-0.37061488,1.3622534,3.6492217,270.512,292.004,291.867,292.061,291.626,38.1600022315979,NaN,20.9105789396541,-1.88200105262831,386.402415337907,167.089783807753,27.245068,270.512,292.004,291.626,292.061,291.626,18.1224912534393
20230531161335.6,39.0040028840303,9.8208699,1.7657187,2.0021296,2.0351687,1.358e-05,7.183e-06,-0.42912757,-0.50720326,1.3622985,3.6281343,270.492,292.009,291.822,292.064,291.945,39.0040028840303,NaN,21.0060915047336,-4.48089814563218,411.055199797403,173.940840383259,27.24597,270.492,292.009,291.945,292.064,291.945,-28.6114854238115
20230531161336.4,39.8430045694113,9.8356715,1.7497116,1.9999218,2.0369147,-7.632e-06,-1.571e-06,0.40281512,0.27634462,1.3622985,3.6294523,270.467,292.006,291.808,292.061,291.864,39.8430045694113,NaN,21.0471725598831,-7.2795738855275,433.14251592338,172.340149874676,27.24597,270.467,292.006,291.864,292.061,291.864,-48.790508176925
20230531161337.3,40.7110042870045,9.8670325,1.7517167,1.9990544,2.0340197,1.0213e-05,1.01e-06,-0.21517292,-0.12475973,1.3622759,3.6422714,270.496,292.02,291.83,292.057,291.79,40.7110042870045,NaN,21.1342133507802,-8.37911702203701,396.520075955057,172.540657433119,27.245518,270.496,292.02,291.79,292.057,291.79,-91.2024297937361
20230531161338.2,41.5580023080111,9.8879734,1.688894,2.0016002,2.0314514,-1.0999e-05,-4.04e-06,0.61209085,0.51184244,1.3622759,3.6338342,270.445,292.004,291.858,292.051,291.698,41.5580023080111,NaN,21.1923337072132,-5.15198200137138,364.030468849483,166.258463930636,27.245518,270.445,292.004,291.698,292.051,291.698,-117.380162970852
20230531161339,42.4020029604435,9.8698036,1.6442635,2.0007779,2.0298856,1.9977e-05,7.183e-06,-0.64849137,-0.4414772,1.3622759,3.6367517,270.493,292.004,291.85,292.043,291.896,42.4020029604435,NaN,21.1419043917436,-6.19435497941049,344.222725670763,161.795468275998,27.245518,270.493,292.004,291.896,292.043,291.896,-91.4801893125301
20230531161340,43.3820016682148,9.8878045,2.099715,2.0041122,2.0305052,-2.132e-06,2.245e-06,0.11290832,0.000459469,1.361724,3.646766,270.468,292.009,291.811,292.046,291.678,43.3820016682148,NaN,21.1918649342282,-1.96769290878274,352.060813340664,207.340063684925,27.23448,270.468,292.009,291.678,292.046,291.678,-130.759728193753
20230531161340.8,44.2459981888533,9.8810908,1.731677,2.005295,2.0321949,5.948e-06,4.153e-06,-0.20571471,-0.034181861,1.361724,3.6145041,270.471,292.009,291.799,292.065,291.958,44.2459981888533,NaN,21.1732314162331,-0.468338952288377,373.4359210486,170.536711834924,27.23448,270.471,292.009,291.958,292.065,291.958,-109.655419633625
20230531161341.8,45.1790045946836,9.8637996,1.7563803,2.0051485,2.0296603,-9.54e-06,-6.734e-06,0.73676647,0.00109652,1.361724,3.6314461,270.456,292.006,291.746,292.046,291.874,45.1790045946836,NaN,21.1252406084285,-0.654046894989278,341.372626974786,173.007011754379,27.23448,270.456,292.006,291.874,292.046,291.874,-86.4555125449064
20230531161342.6,46.0149988532066,9.8440975,1.8455849,2.0017354,2.0322737,8.98e-07,1.908e-06,0.10558916,0.20357804,1.3617352,3.6337103,270.442,292.015,291.774,292.054,291.658,46.0149988532066,NaN,21.0705584756415,-4.98059828906344,374.432759829087,181.92736313233,27.234704,270.442,292.015,291.658,292.054,291.658,-61.3519349707628
20230531161343.5,46.8589995056391,9.7886756,1.730145,2.0024338,2.0338057,9.427e-06,7.519e-06,-0.34495851,-0.16345186,1.3617352,3.6290242,270.476,292.001,291.755,292.06,291.838,46.8589995056391,NaN,20.9167379339171,-4.09528479293886,393.812924952217,170.3835137004,27.234704,270.476,292.001,291.838,292.06,291.838,15.2697609496286
20230531161344.3,47.6910006254911,9.8214218,1.6893221,2.0027604,2.035394,4.49e-07,2.918e-06,0.18567374,0.21478846,1.3616789,3.633654,270.454,291.998,291.69,292.074,291.566,47.6910006254911,NaN,21.0076232738894,-3.68127650566203,413.905298493388,166.30127340935,27.233578,270.454,291.998,291.566,292.074,291.566,-28.7715941664189
20230531161345.4,48.8040000200272,9.7686021,1.8900352,1.999933,2.0368809,9.203e-06,2.918e-06,0.001165844,0.001253832,1.3617127,3.6455607,270.468,291.99,291.704,292.04,291.614,48.8040000200272,NaN,20.8610250001435,-7.26537641823552,432.71493786779,186.372339006392,27.234254,270.468,291.99,291.614,292.04,291.614,43.8672304409851
20230531161346.3,49.6640034019947,9.8074086,1.7355182,2.0019719,2.0332988,1.6049e-05,4.153e-06,-0.077934792,-0.10546394,1.3616226,3.6510803,270.468,292.006,291.729,292.063,291.572,49.6640034019947,NaN,20.9687303810927,-4.68080355562461,387.400519142218,170.920827157598,27.232452,270.468,292.006,291.572,292.063,291.572,-9.92300597061199
20230531161347.3,50.6750017404556,9.8039166,1.8134245,1.9820783,2.0327468,1.7508e-05,1.0437e-05,-0.00049034,-0.00335143,1.3616001,3.642553,270.488,291.998,291.693,292.054,291.784,50.6750017404556,NaN,20.9590385204437,-29.8985477802748,380.417587583495,178.711362293187,27.232002,270.488,291.998,291.784,292.054,291.784,-4.81289103477775
20230531161348.2,51.6479998826981,9.7997487,1.9004324,2.0061173,2.0358559,6.846e-06,-1.12e-07,0.001210063,-0.14216243,1.3616339,3.6371235,270.456,291.981,291.643,292.049,291.709,51.6479998826981,NaN,20.9474707352207,0.574034025751644,419.74844357849,187.412046346001,27.232678,270.456,291.981,291.709,292.049,291.709,0.00940871697833505
20230531161349.2,52.5700025260448,9.7997712,1.7780421,2.0080661,2.0364979,-1.055e-05,-4.265e-06,0.00024855,0.50910731,1.3616113,3.6419673,270.454,291.987,291.643,292.054,291.714,52.5700025260448,NaN,20.9475331827764,3.0443933345241,427.869896587006,175.173165377386,27.232226,270.454,291.987,291.714,292.054,291.714,-0.147532614425876
20230531161350,53.4290000796318,9.7984082,1.7258532,2.0083702,2.0353377,3.03e-06,2.132e-06,0.15469886,0.22958201,1.3616451,3.6409534,270.445,291.984,291.648,292.063,291.532,53.4290000796318,NaN,20.9437502486228,3.42987992411645,413.19309007535,169.954338926409,27.232902,270.445,291.984,291.532,292.063,291.532,1.83334355600499
20230531161350.9,54.2730007320642,9.7595791,1.6630754,1.9877219,2.0332988,2.3456e-05,9.315e-06,-0.68568645,-0.59368561,1.3615888,3.6404465,270.473,291.992,291.654,292.04,291.79,54.2730007320642,NaN,20.8359821425731,-22.7445454224194,387.400519142218,163.676635369252,27.231776,270.473,291.992,291.79,292.04,291.79,53.6791209780981
20230531161351.7,55.112998187542,9.796099,1.6773702,2.0065791,2.0319808,9.091e-06,1.908e-06,-0.20464293,-0.34213117,1.3616113,3.6289566,270.479,291.973,291.657,292.054,291.938,55.112998187542,NaN,20.9373411865922,1.15942602533687,370.727505021929,165.106097962858,27.232226,270.479,291.973,291.938,292.054,291.938,5.33190866035325
20230531161352.8,56.2220044434071,9.7859496,1.8533688,2.003808,2.0339183,2.24e-07,2.245e-06,-0.000114811,-0.000689091,1.3616001,3.6261517,270.451,291.976,291.713,292.04,291.852,56.2220044434071,NaN,20.9091720656098,-2.35330626147606,395.237341788288,182.705743654084,27.232002,270.451,291.976,291.852,292.04,291.852,19.5677588547486
20230531161353.8,57.2459980845451,9.7976422,1.6472374,2.0052387,2.0336255,-9.876e-06,-8.417e-06,0.0013282,-0.0001462,1.3616001,3.6390159,270.465,291.981,291.743,292.049,291.597,57.2459980845451,NaN,20.9416242562811,-0.53970657804939,391.533352004964,162.09285465476,27.232002,270.465,291.981,291.597,292.049,291.597,3.07765116702007
20230531161354.7,58.0740060657263,9.7590159,1.8380264,2.0048894,2.0321273,4.377e-06,5.61e-07,0.13433273,0.3104685,1.3615437,3.642722,270.482,291.995,291.752,292.054,291.552,58.0740060657263,NaN,20.8344190108671,-0.982490089212206,372.580764937422,181.171522336113,27.230874,270.482,291.995,291.552,292.054,291.552,57.0539262841961
20230531161355.7,59.0580079704523,9.7975746,1.6964864,2.0014537,2.0341549,5.724e-06,6.958e-06,-0.19245519,0.001652024,1.3616339,3.6403226,270.499,291.99,291.783,292.04,291.759,59.0580079704523,NaN,20.9414366360692,-5.33768994407183,398.23038817741,167.017694685574,27.232678,270.499,291.99,291.759,292.04,291.759,3.22572451128413
20230531161356.6,60.0000064820051,9.7977661,1.7502974,1.9490167,2.0312036,2.065e-05,8.866e-06,-0.69398399,-0.00377541,1.3616339,3.6397481,270.488,291.97,291.816,292.049,291.658,60.0000064820051,NaN,20.9419681341546,-71.8084571208506,360.895739791056,172.398729161363,27.232678,270.488,291.97,291.658,292.049,291.658,4.52147679995412
20230531161357.4,60.8509976416826,9.7894754,1.7598498,1.9974773,2.0291985,4.714e-06,4.489e-06,-0.15344256,-0.17382215,1.3616789,3.618672,270.53,291.984,291.841,292.06,291.933,60.8509976416826,NaN,20.9189577363647,-10.3782978850631,335.530746913515,173.353957529661,27.233578,270.53,291.984,291.933,292.06,291.933,15.0172301092006
20230531161358.3,61.6870019584894,9.7976197,1.7608298,1.9992684,2.0285564,-7.183e-06,-7.744e-06,0.73987385,0.59305514,1.3615888,3.6451439,270.49,291.978,291.881,292.051,291.583,61.6870019584894,NaN,20.9415618087253,-8.10784398628266,327.40802888116,173.451956336342,27.231776,270.49,291.978,291.583,292.051,291.583,4.00081025365235
20230531161359.1,62.5230062752962,9.7966059,1.7716438,2.0017917,2.0283649,4.265e-06,-1.01e-06,0.20135351,0.23186841,1.3615437,3.6500665,270.504,291.984,291.892,292.035,291.541,62.5230062752962,NaN,20.9387480606366,-4.90923066330151,324.985508240774,174.533343168424,27.230874,270.504,291.984,291.541,292.035,291.541,5.36740841666035
20230531161400.2,63.6480052024126,9.7978675,1.6774829,2.0047543,2.0277791,2.918e-06,5.387e-06,-0.000379561,-0.000203024,1.3616339,3.6414153,270.524,292.001,291.934,292.054,291.524,63.6480052024126,NaN,20.9422495644724,-1.15374703841962,317.574998626456,165.117367825626,27.232678,270.524,292.001,291.524,292.054,291.524,3.55854141845969
20230531161401.1,64.492005854845,9.7601198,1.6867763,2.0056329,2.0274637,4.938e-06,6.173e-06,0.007397415,0.017075238,1.3616226,3.6333386,270.541,291.99,291.948,292.071,291.588,64.492005854845,NaN,20.8374828267235,-0.04000643461859,313.585113456851,166.046696509302,27.232452,270.541,291.99,291.588,292.071,291.588,53.7261697994809
20230531161402.1,65.5190069228411,9.7527528,1.7925512,1.9628947,2.0264837,2.0763e-05,1.3243e-05,-0.00192088,-0.00211095,1.3615663,3.641021,270.603,292.001,291.993,292.068,291.773,65.5190069228411,NaN,20.8170361092547,-54.216273989105,301.187879892444,176.624057710044,27.231326,270.603,292.001,291.773,292.068,291.773,66.5062097347968
20230531161403,66.3550011813641,9.7958061,1.6107851,2.0088208,2.0270807,6.846e-06,-5.61e-07,0.13606243,-0.11179039,1.3614874,3.6430599,270.558,292.012,292.001,292.06,291.737,66.3550011813641,NaN,20.936528258189,4.0010744564097,308.740072176068,158.447669041748,27.229748,270.558,292.012,291.737,292.06,291.737,6.16721653555389
20230531161403.8,67.2220051288605,9.7970565,1.7845645,2.0088546,2.0288267,-9.54e-06,-2.469e-06,0.61870149,0.44730034,1.3614874,3.6392187,270.533,292.006,292.012,292.054,291.555,67.2220051288605,NaN,20.9399986770193,4.04392038448668,330.827388302041,175.825397435234,27.229748,270.533,292.006,291.555,292.054,291.555,4.55710702997067
20230531161404.7,68.0699989199638,9.7583738,1.8256578,2.0016227,2.0329383,1.6498e-05,9.652e-06,-0.66007285,-0.47568868,1.3614874,3.6227949,270.581,292.004,292.049,292.046,291.896,68.0699989199638,NaN,20.832636896399,-5.1234603036869,382.840108223885,179.934677397025,27.229748,270.581,292.004,291.896,292.046,291.896,57.6814763868907
20230531161405.5,68.9020000398159,9.7968537,1.6981423,2.0045065,2.0317555,-1.0774e-05,-1.347e-06,0.51676051,0.41139389,1.3614649,3.6326627,270.558,291.976,292.071,292.068,291.723,68.9020000398159,NaN,20.9394358163837,-1.4678660022505,367.877406325948,167.183282669229,27.229298,270.558,291.976,291.723,292.068,291.723,4.43174868089859
20230531161406.6,70.0070030987263,9.7753608,1.675872,2.0031209,2.0333551,5.61e-07,4.377e-06,-0.000468335,-0.000114138,1.3614874,3.6398157,270.586,291.99,292.108,292.051,291.597,70.0070030987263,NaN,20.8797834132501,-3.22429552720769,388.112727560259,164.956279787176,27.229748,270.586,291.99,291.597,292.051,291.597,32.7069587759305
20230531161407.5,70.8590000867844,9.7637132,1.875301,2.0002935,2.0360361,1.2121e-05,1.01e-06,-0.011162729,-0.010279479,1.3614874,3.6465182,270.617,291.992,292.136,292.06,291.586,70.8590000867844,NaN,20.8474561176902,-6.80839543978072,422.028016525739,184.898936947832,27.229748,270.617,291.992,291.586,292.06,291.586,50.6445869000229
20230531161408.9,72.2810000181198,9.7975408,1.8611526,1.9988854,2.0350561,1.459e-05,7.407e-06,2.587e-05,-0.00146878,1.3614311,3.6379796,270.634,292.004,292.166,292.051,291.798,72.2810000181198,NaN,20.9413428259633,-8.59334666242194,409.630782961332,183.48411417596,27.228622,270.634,292.004,291.798,292.051,291.798,3.36438793540581
