20230601083236.1,0,9.7346278,1.76965,2.0048782,2.0365205,1.01e-06,1.683e-06,0.000676971,0.000542407,1.3579278,3.6446708,271.207,292.417,293.351,292.519,292.259,0,NaN,20.7667311338072,-0.996687556504639,428.155791973288,174.333965596221,27.158556,271.207,292.417,292.259,292.519,292.259,0.0167876010321662
20230601083237.2,1.09000615775585,9.7340984,1.6351842,2.0061624,2.039269,3.479e-06,2.806e-06,-0.052663735,-0.11963644,1.3579503,3.6595513,271.258,292.409,293.351,292.521,292.099,1.09000615775585,NaN,20.765261812207,0.631204184221133,462.924972026114,160.887549331618,27.159006,271.258,292.409,292.099,292.521,292.099,0.341401092657188
20230601083238.3,2.20300555229187,9.7339857,1.6869002,2.0064214,2.040035,-6.06e-06,-4.04e-06,0.00503389,0.0025012,1.3579391,3.6409647,271.263,292.397,293.34,292.527,292.253,2.20300555229187,NaN,20.764949019339,0.959520615343536,472.615054587681,166.059086358432,27.158782,271.263,292.397,292.253,292.527,292.253,0.394680143455496
20230601083239.2,3.11000123620033,9.7261455,1.7499369,2.0060835,2.0397759,1.459e-06,-3.37e-07,0.12223046,0.2034757,1.3579841,3.6523983,271.309,292.403,293.346,292.519,292.001,3.11000123620033,NaN,20.7431889603871,0.531188097674203,469.337377836109,172.362679600334,27.159682,271.309,292.403,292.001,292.519,292.001,11.0415226869817
20230601083240.2,4.12900596857071,9.6971504,1.8208929,2.00534,2.0401589,7.856e-06,2.24e-07,-0.17896402,0.000807045,1.3579729,3.6663439,271.362,292.389,293.332,292.513,292.004,4.12900596857071,NaN,20.662714599361,-0.411295556919413,474.182419116896,179.458193199116,27.159458,271.362,292.389,292.004,292.513,292.004,51.152044645865
20230601083241.2,5.14100007712841,9.7346503,1.8639688,1.9424494,2.0412967,1.459e-05,9.091e-06,-0.79290465,-0.00422864,1.3579391,3.6372474,271.379,292.397,293.346,292.507,292.351,5.14100007712841,NaN,20.7667935813629,-80.133370240977,488.575860289937,183.765730746748,27.158782,271.379,292.397,292.351,292.507,292.351,0.722900454313196
20230601083242.1,5.98500072956085,9.7345827,1.816511,2.0049007,2.039652,-5.836e-06,-7.632e-06,0.73231173,0.55300886,1.3578827,3.6436006,271.385,292.386,293.346,292.505,292.2,5.98500072956085,NaN,20.766605961151,-0.968165858820157,467.770013306894,179.020008534838,27.157654,271.385,292.386,292.2,292.505,292.2,-0.329948702462049
20230601083243.1,6.9570031017065,9.7048892,1.7179004,2.0071086,2.0389987,2.132e-06,-1.235e-06,0.000320977,0.20615347,1.3578827,3.6580756,271.444,292.406,293.337,292.507,292.141,6.9570031017065,NaN,20.6841932279951,1.83063664417614,459.505612605237,169.15906861032,27.157654,271.444,292.406,292.141,292.507,292.141,39.43117414036
20230601083244.1,7.94200077652931,9.7346053,1.7459267,2.0062525,2.0390663,7.07e-06,-1.01e-06,-0.020184109,0.000674277,1.3556974,3.6655328,271.438,292.409,293.312,292.499,291.987,7.94200077652931,NaN,20.7666686862514,0.745417738059587,460.360768716415,171.961664483447,27.113948,271.438,292.409,291.987,292.499,291.987,-0.307798539613203
20230601083245.1,8.97699818015099,9.7354614,1.8520621,1.9397797,2.0393366,1.4478e-05,8.978e-06,-0.00590548,-0.00561308,1.3551567,3.6613536,271.492,292.397,293.332,292.513,292.102,8.97699818015099,NaN,20.7690447463607,-83.5175647435581,463.780128137289,182.575075245218,27.103134,271.492,292.397,292.102,292.513,292.102,-0.0913575029657291
20230601083245.9,9.82500202953815,9.7348644,1.8054717,2.0048331,2.0371062,5.948e-06,1.683e-06,-0.13954427,-0.2200831,1.3550891,3.6305224,271.523,292.403,293.332,292.499,292.385,9.82500202953815,NaN,20.7673878045487,-1.05385771497413,435.565036563774,177.916091977098,27.101782,271.523,292.403,292.385,292.499,292.385,-0.383247983030213
20230601083246.8,10.6720000505447,9.7347968,1.7133833,2.0058131,2.0379398,-3.255e-06,-6.285e-06,0.81454449,0.69181562,1.3550666,3.6344763,271.512,292.397,293.321,292.505,292.292,10.6720000505447,NaN,20.7672001843368,0.188420673058317,446.110275236515,168.707364110672,27.101332,271.512,292.397,292.292,292.505,292.292,-0.409007645332624
20230601083247.6,11.5280002355576,9.7340195,1.9752632,2.0041798,2.0375906,-0.000176762,5.724e-06,-0.62866176,-0.29670814,1.3550553,3.6392975,271.588,292.397,293.318,292.496,292.362,11.5280002355576,NaN,20.765042829445,-1.88200105262831,441.692812011323,194.895035226543,27.101106,271.588,292.397,292.362,292.496,292.362,0.762372567275911
20230601083248.5,12.3680077493191,9.7265623,1.7770734,2.00338,2.0381313,5.275e-06,5.05e-06,-0.16518943,-0.15065008,1.3550779,3.6512944,271.608,292.406,293.321,292.505,292.25,12.3680077493191,NaN,20.7443457666639,-2.89585233298385,448.532795876905,175.076296556946,27.101558,271.608,292.406,292.25,292.505,292.25,10.8286105762335
20230601083249.6,13.4690076112747,9.7228,1.756752,2.0028618,2.0392015,3.142e-06,3.367e-06,0.000166325,1.2458e-05,1.3550891,3.6421024,271.639,292.406,293.307,292.502,292.396,13.4690076112747,NaN,20.7339037027121,-3.55273872143107,462.071080938767,173.044181301769,27.101782,271.639,292.406,292.396,292.502,292.396,15.7288111271654
20230601083250.6,14.4959986209869,9.7219889,1.7827622,2.0042248,2.0391226,-8.417e-06,-8.642e-06,0.00449743,0.00478422,1.3550666,3.6327303,271.628,292.397,293.321,292.499,292.292,14.4959986209869,NaN,20.7316525377143,-1.8249576572598,461.072977134449,175.645169629847,27.101332,271.628,292.397,292.292,292.499,292.292,16.9357974982039
20230601083251.6,15.4690068215132,9.7344025,1.6736754,2.0046867,2.0382552,6.509e-06,-5.61e-07,-0.000119862,0.10931397,1.3550666,3.6624125,271.71,292.392,293.301,292.477,292.043,15.4690068215132,NaN,20.7661058256158,-1.2394388945736,450.10016040612,164.736622461916,27.101332,271.71,292.392,292.043,292.477,292.043,0.101017825757128
20230601083252.4,16.3170006126165,9.7347855,1.709925,2.0045177,2.0369598,4.714e-06,-8.98e-07,0.019588068,0.12053,1.3550553,3.6379233,271.727,292.381,293.312,292.496,292.233,16.3170006126165,NaN,20.7671688217866,-1.45366853495898,433.713041672108,168.361538321751,27.101106,271.727,292.381,292.233,292.496,292.233,-0.24229945594471
20230601083253.4,17.2969993203878,9.7341096,1.7161318,2.0060159,2.0361825,5.275e-06,-1.12e-07,-0.030656836,0.000718832,1.3549877,3.660475,271.78,292.403,293.323,292.499,292.037,17.2969993203878,NaN,20.7652928972126,0.445496241520232,423.880011417397,168.982210763897,27.099754,271.78,292.403,292.037,292.499,292.037,0.729484647311751
20230601083254.3,18.1490063667297,9.7339857,1.7119752,2.00819,2.0348984,3.816e-06,2.245e-06,-0.025972138,-0.02822549,1.3550666,3.6525673,271.792,292.411,293.298,292.513,291.959,18.1490063667297,NaN,20.764949019339,3.20145281643954,407.63584037653,168.566555825278,27.101332,271.792,292.411,291.959,292.513,291.959,1.01137144688663
20230601083255.2,19.0750021487474,9.6897609,1.7864007,2.0083252,2.0346505,7.856e-06,4.601e-06,-0.095395196,-0.00276774,1.3550215,3.6499088,271.868,292.389,293.295,292.499,292.242,19.0750021487474,NaN,20.6422054343365,3.37283652874748,404.499846294271,176.009015199343,27.10043,271.868,292.389,292.242,292.499,292.242,61.348582031296
20230601083256.2,20.0550008565187,9.7345039,1.8169954,2.0095755,2.0344478,2.918e-06,-1.571e-06,0.052465327,0.00023254,1.3550779,3.6631222,271.862,292.409,293.309,292.51,291.984,20.0550008565187,NaN,20.7663872559336,4.95775557829529,401.935642984572,179.068447944997,27.101558,271.862,292.409,291.984,292.51,291.984,0.356754308656464
20230601083257,20.9070079028606,9.7347517,1.7141155,2.0085279,2.033817,4.714e-06,-2.24e-07,0.005358533,0.01896609,1.354999,3.6391511,271.888,292.411,293.293,292.491,292.2,20.9070079028606,NaN,20.7670750116807,3.62978533410887,393.955872645358,168.780583219092,27.09998,271.888,292.411,292.2,292.491,292.2,0.116602788697327
20230601083258,21.864003315568,9.728038,1.7319811,2.0081224,2.0327919,-0.000109985,1.459e-05,-0.00301291,-0.077668021,1.3549652,3.6373938,271.955,292.417,293.321,292.499,292.292,21.864003315568,NaN,20.7484414936855,3.11576096028557,380.988113332223,170.56712146463,27.099304,271.955,292.417,292.292,292.499,292.292,9.28306518196397
20230601083258.8,22.719007730484,9.7346503,1.6869678,2.0085054,2.0328933,-1.908e-06,-5.61e-07,0.34766492,0.043315763,1.3550779,3.6597203,271.952,292.409,293.312,292.491,291.99,22.719007730484,NaN,20.7667935813629,3.60126363642485,382.270847498989,166.065846276118,27.101558,271.952,292.409,291.99,292.491,291.99,0.366922380121327
20230601083259.7,23.5710047185421,9.7340871,1.8678776,2.0083026,2.0354954,3.367e-06,-1.347e-06,0.13951284,0.053446553,1.3550103,3.6438822,271.981,292.425,293.298,292.502,292.177,23.5710047185421,NaN,20.7652304496568,3.34418806796248,415.188032660149,184.156605987107,27.100206,271.981,292.425,292.177,292.502,292.177,0.833564059381852
20230601083300.7,24.5470002293587,9.6970265,1.7065006,2.0077957,2.035991,2.581e-06,6.73e-07,0.000453521,0.035407688,1.3549877,3.6422489,272.034,292.423,293.321,292.505,292.203,24.5470002293587,NaN,20.6623707214874,2.70162590990776,421.457490777011,168.019102491551,27.099754,272.034,292.423,292.203,292.505,292.203,50.1263029037445
20230601083301.7,25.5750071257353,9.7344476,1.7717452,1.958141,2.0352701,1.2458e-05,8.305e-06,-0.00507325,-0.00473136,1.3550441,3.6557213,272.088,292.423,293.281,292.482,292.071,25.5750071257353,NaN,20.7662309982719,-60.2422115127674,412.337933964172,174.543483044952,27.100882,272.088,292.423,292.071,292.482,292.071,1.42202821332465
20230601083302.5,26.4110013842583,9.7201415,1.7625308,2.0062412,2.0366444,-5.05e-06,-6.173e-06,0.62510744,0.50128542,1.3550215,3.6438597,272.08,292.42,293.309,292.505,292.166,26.4110013842583,NaN,20.726525177072,0.731093507666628,429.723156502503,173.62205426508,27.10043,272.08,292.42,292.166,292.505,292.166,19.6192501542924
20230601083303.4,27.2540062665939,9.6939062,1.6018748,2.0082914,2.0374216,2.469e-06,-1.347e-06,0.10502235,0.26443129,1.3549877,3.6447158,272.125,292.4,293.304,292.499,292.141,27.2540062665939,NaN,20.6537104944591,3.3299906006705,439.554921733376,157.556649891581,27.099754,272.125,292.4,292.141,292.499,292.141,52.3803566458856
20230601083304.5,28.363998234272,9.6875981,1.7494075,2.0107358,2.0373428,2.694e-06,1.12e-07,0.000232316,0.000848009,1.3550441,3.6589881,272.181,292.411,293.315,292.51,291.951,28.363998234272,NaN,20.6362026977352,6.42858783710517,438.558082952888,172.30974024497,27.100882,272.181,292.411,291.951,292.51,291.951,63.2432216540448
20230601083305.3,29.2110063135624,9.6923067,1.8481082,2.0146784,2.0384129,8.417e-06,-1.12e-07,-0.055944545,0.000718159,1.3549765,3.6375966,272.215,292.406,293.309,292.519,292.214,29.2110063135624,NaN,20.6492711671086,11.4263498500195,452.095102990923,182.179690059776,27.09953,272.215,292.406,292.214,292.519,292.214,58.2652963423095
20230601083306.2,30.0550069659948,9.7313836,2.0583738,2.0164469,2.0397196,6.622e-06,-6.73e-07,-0.026194016,0.01239412,1.3550553,3.6385315,272.252,292.417,293.301,292.499,292.205,30.0550069659948,NaN,20.7577270289053,13.6681552880141,468.625169418076,203.205994024995,27.101106,272.252,292.417,292.205,292.499,292.205,4.06971452561035
20230601083307.1,30.9959996491671,9.732465,1.9219366,2.0152416,2.0403279,6.846e-06,6.622e-06,-0.00347963,-0.062010102,1.3550328,3.6396918,272.322,292.417,293.321,292.493,292.287,30.9959996491671,NaN,20.7607283972059,12.1402796338352,476.320309394836,189.562440160913,27.100656,272.322,292.417,292.287,292.493,292.287,2.34230028885167
20230601083307.9,31.8360071629286,9.7323523,1.6836447,2.0134055,2.0403279,1.0999e-05,6.06e-06,-0.43808755,-0.083140999,1.3550441,3.6431838,272.334,292.423,293.318,292.493,292.345,31.8360071629286,NaN,20.7604156043379,9.81278233968669,476.320309394836,165.733540322567,27.100882,272.334,292.423,292.345,292.493,292.345,2.37756369494133
20230601083308.8,32.680007815361,9.7215608,1.7285229,2.0126508,2.0398435,3.704e-06,-1.12e-07,0.11263503,0.028251784,1.3550215,3.6274246,272.325,292.414,293.312,292.513,292.359,32.680007815361,NaN,20.7304643688873,8.85610121780064,470.192533947287,170.221305675587,27.10043,272.325,292.414,292.359,292.513,292.359,16.9760972589479
20230601083309.7,33.6180031299591,9.7331747,1.7588247,2.0128986,2.0398323,-7.632e-06,-8.305e-06,0.79327525,0.00524644,1.3549765,3.6595063,272.356,292.411,293.318,292.505,292.054,33.6180031299591,NaN,20.7626981318859,9.17022018163198,470.050851277982,173.251448777898,27.09953,272.356,292.411,292.054,292.505,292.054,1.39119157225749
20230601083310.6,34.4650011509657,9.7326678,1.6560688,2.0113779,2.0402378,1.5039e-05,6.622e-06,-0.72958995,-0.46001236,1.3549652,3.6426544,272.393,292.397,293.326,292.533,292.343,34.4650011509657,NaN,20.7612912578415,7.24253370746783,475.180522921211,162.975983901001,27.099304,272.393,292.397,292.343,292.533,292.343,1.99608987451462
20230601083311.4,35.3210013359785,9.7237124,1.7840013,2.0113441,2.0404518,-0.000291685,4.153e-06,-0.15434564,-0.1615962,1.3549314,3.643319,272.435,292.389,293.309,292.51,292.351,35.3210013359785,NaN,20.736436020483,7.19968777939084,477.887673924051,175.769078121028,27.098628,272.435,292.389,292.351,292.51,292.351,14.2664258249133
20230601083312.3,36.1760057508945,9.7206935,1.7709905,2.0087983,2.0383341,-9.54e-06,-4.489e-06,0.85442321,0.68574932,1.3550891,3.657366,272.43,292.4,293.321,292.502,292.023,36.1760057508945,NaN,20.7280572237725,3.97255275872521,451.098264210439,174.46801396393,27.101782,272.43,292.4,292.023,292.502,292.023,18.6495153065161
20230601083313.3,37.1450006961823,9.7209526,1.7144196,2.0087194,2.0379961,0.000325691,6.06e-06,-0.13286839,0.000653851,1.3550215,3.635445,272.509,292.403,293.304,292.505,292.264,37.1450006961823,NaN,20.7287763420698,3.87253667217828,446.822483654549,168.810992848797,27.10043,272.509,292.403,292.264,292.505,292.264,18.0366528468558
20230601083314.2,38.0749996751547,9.7325889,1.6159894,2.0083927,2.0399224,1.3355e-05,6.958e-06,-0.67566257,-0.00517784,1.3549539,3.6456508,272.557,292.381,293.309,292.519,292.197,38.0749996751547,NaN,20.7610722750794,3.45840162180093,471.190637751606,158.968092704611,27.099078,272.557,292.381,292.197,292.519,292.197,2.17393123392801
20230601083315,38.9220077544451,9.7321834,1.7184186,2.0060384,2.039055,-8.5407e-05,8.98e-07,0.2714794,0.15205821,1.3548976,3.6597991,272.596,292.403,293.304,292.499,292.091,38.9220077544451,NaN,20.7599468313529,0.474017939204714,460.217821023271,169.210887979322,27.097952,272.596,292.403,292.091,292.499,292.091,2.9460644270786
20230601083315.9,39.7820010781288,9.7324425,1.6013679,2.0060722,2.0401589,0.000294155,-4.714e-06,0.55013091,0.47603159,1.3548976,3.6397819,272.605,292.395,293.304,292.513,292.239,39.7820010781288,NaN,20.7606659496502,0.516863867282154,474.182419116896,157.505960508819,27.097952,272.605,292.395,292.239,292.513,292.239,2.37114524953412
20230601083316.9,40.7700061798096,9.7194882,1.8287331,2.008235,2.0402716,6.958e-06,-1.122e-06,0.000145225,0.13229151,1.3549089,3.660644,272.675,292.411,293.309,292.513,292.051,40.7700061798096,NaN,20.7247119775983,3.25849621180851,475.608100976802,180.242203652315,27.098178,272.675,292.411,292.051,292.513,292.051,20.3789465664308
20230601083317.9,41.7540080845356,9.7323186,1.7366222,2.0094404,2.0391226,0.000300215,-2.02e-06,-0.004318836,0.000409976,1.3549314,3.6559354,272.701,292.414,293.307,292.505,292.133,41.7540080845356,NaN,20.7603220717766,4.78649862908787,461.072977134449,171.031225813287,27.098628,272.701,292.414,292.133,292.505,292.133,2.69897694638425
20230601083318.9,42.770005390048,9.7324875,1.7275204,2.0049683,2.0387396,1.5712e-05,1.0999e-05,-0.00612366,-0.0068007,1.3549314,3.6604863,272.752,292.409,293.298,292.524,292.082,42.770005390048,NaN,20.7607908447616,-0.882474002666186,456.227935853669,170.121056896304,27.098628,272.752,292.409,292.082,292.524,292.082,2.60812600683756
20230601083319.7,43.6179991811514,9.7320369,1.8166011,2.0077732,2.0402829,8.417e-06,1.908e-06,-0.12878707,-0.20601836,1.3548976,3.6317953,272.788,292.417,293.321,292.53,292.382,43.6179991811514,NaN,20.7595402283789,2.67310421222328,475.751048669939,179.029018425126,27.097952,272.788,292.417,292.382,292.53,292.382,3.03322509942265
20230601083320.6,44.4650072604418,9.7319356,1.7650315,2.0069621,2.0379961,8.98e-07,-3.255e-06,0.42829726,0.3692333,1.35483,3.628675,272.805,292.417,293.298,292.533,292.357,44.4650072604418,NaN,20.7592590756058,1.64492870147569,446.822483654549,173.872121220044,27.0966,272.805,292.417,292.357,292.533,292.357,3.43806030893448
20230601083321.4,45.3250005841255,9.7318342,1.7135748,2.0052274,2.0361825,-4.3321e-05,4.49e-07,0.17419228,0.3220748,1.3548188,3.6306463,272.831,292.423,293.312,292.519,292.331,45.3250005841255,NaN,20.758977645288,-0.554030808442349,423.880011417397,168.726513877487,27.096376,272.831,292.423,292.331,292.519,292.331,3.78854175982682
20230601083322.3,46.1640022695065,9.7323636,1.805956,2.0056667,2.0365543,0.000215032,-3.03e-06,0.2195052,0.38926994,1.3548526,3.6351296,272.876,292.428,293.323,292.519,292.292,46.1640022695065,NaN,20.7604469668881,0.00283949345839574,428.583370028879,177.964521387379,27.097052,272.876,292.428,292.292,292.519,292.292,3.10607119958551
20230601083323.3,47.1489999443293,9.7321721,1.9181066,2.0048219,2.0383791,0.000236805,8.081e-06,-0.000214471,0.19353836,1.3548864,3.6522969,272.938,292.437,293.329,292.516,292.225,47.1489999443293,NaN,20.7599154688027,-1.06805518226565,451.667524935336,189.179444824602,27.097728,272.938,292.437,292.225,292.516,292.225,3.24806339921082
20230601083324.3,48.1450013816357,9.7324087,1.7229695,2.0044163,2.0394831,1.0774e-05,7.86e-07,-0.09182081,0.001073254,1.3546723,3.663753,272.969,292.434,293.315,292.527,292.029,48.1450013816357,NaN,20.7605721395442,-1.58220631918994,465.633388052785,169.665972437813,27.093446,272.969,292.434,292.029,292.527,292.029,2.62773941478104
20230601083325.2,49.0790035575628,9.7318792,1.8132104,2.0064214,2.0378384,1.0999e-05,3.03e-06,-0.00293081,-0.098487902,1.3546047,3.6549103,272.992,292.42,293.335,292.521,292.065,49.0790035575628,NaN,20.7591025403994,0.959520615343536,444.82754106975,178.68995255389,27.092094,272.992,292.42,292.065,292.521,292.065,3.59673266921871
20230601083326.1,50.0119999051094,9.7053736,1.7244001,2.0085167,2.0364867,1.0886e-05,8.193e-06,-0.49995949,-0.00500127,1.3545146,3.6327303,273.043,292.423,293.326,292.527,292.379,50.0119999051094,NaN,20.6855376544837,3.61558786681735,427.7282139177,169.80903069581,27.090292,273.043,292.423,292.379,292.527,292.379,39.1422269099004
20230601083327,50.8680000901222,9.7315413,1.7770959,2.0073339,2.0365205,-1.347e-06,4.49e-07,0.30363855,0.12994439,1.3545372,3.6603398,273.074,292.397,293.321,292.527,292.135,50.8680000901222,NaN,20.7581647168847,2.11623391032253,428.155791973288,175.078546529548,27.090744,273.074,292.397,292.135,292.527,292.135,4.17088530533541
20230601083327.8,51.7110049724579,9.731913,1.7204687,2.0083815,2.0363064,6.285e-06,5.275e-06,-0.2018482,-0.23735531,1.3545259,3.6557326,273.108,292.403,293.309,292.513,292.239,51.7110049724579,NaN,20.7591963505054,3.44420415450895,425.447375946616,169.41589548297,27.090518,273.108,292.403,292.239,292.513,292.239,3.60919628907258
20230601083328.9,52.817003801465,9.7282633,1.748281,2.0105443,2.0361825,4.714e-06,3.255e-06,0.000815575,-0.000109985,1.3545822,3.6323698,273.144,292.417,293.323,292.519,292.463,52.817003801465,NaN,20.7490668018769,6.1858364990353,423.880011417397,172.197091616679,27.091644,273.144,292.417,292.463,292.519,292.463,8.5366784341563
20230601083329.9,53.8359984755516,9.7208399,1.8326644,2.0087082,2.0376582,-6.285e-06,-7.295e-06,0.00548262,0.00412855,1.3545146,3.6413815,273.17,292.428,293.321,292.519,292.354,53.8359984755516,NaN,20.7284635492018,3.85833920488676,442.547968122497,180.635328865276,27.090292,273.17,292.428,292.354,292.519,292.354,18.855747336252
20230601083330.8,54.6919986605644,9.7310907,1.7209193,2.0077394,2.035394,1.235e-06,1.01e-06,0.15752623,0.22645326,1.3545146,3.6545273,273.184,292.395,293.307,292.53,292.051,54.6919986605644,NaN,20.756914100502,2.63025828414675,413.905298493388,169.460954934287,27.090292,273.184,292.395,292.051,292.53,292.051,4.84249127434429
20230601083331.9,55.7970017194748,9.6912478,1.7619788,2.0091475,2.0373878,3.142e-06,1.683e-06,0.000144664,0.000430289,1.3544696,3.6615451,273.257,292.434,293.315,292.538,292.037,55.7970017194748,NaN,20.6463322463637,4.41520950678751,439.127343677785,173.566854937235,27.089392,273.257,292.434,292.037,292.538,292.037,58.5644927964502
20230601083332.9,56.8400055170059,9.7331296,1.7279484,2.0789092,2.0395732,-4.175e-05,7.07e-06,-0.00563669,-0.004665,1.3544696,3.6611284,273.336,292.434,293.318,292.541,292.208,56.8400055170059,NaN,20.7625729592297,92.8473036112614,466.77317452641,170.16385637514,27.089392,273.336,292.434,292.208,292.541,292.208,0.0791725247998199
20230601083333.8,57.692002505064,9.720119,1.8553401,2.005509,2.038244,-5.05e-06,-5.05e-06,0.70120862,0.37227658,1.3544696,3.6518914,273.271,292.389,293.301,292.552,292.105,57.692002505064,NaN,20.7264627295162,-0.197065916534029,449.958477736815,182.902871253685,27.089392,273.271,292.389,292.105,292.552,292.105,19.9768249807337
20230601083334.6,58.5390005260706,9.6686735,1.7423896,2.0049458,2.038289,2.132e-06,-1.01e-06,0.13958257,0.13684407,1.3545146,3.6436232,273.336,292.392,293.309,292.53,292.074,58.5390005260706,NaN,20.5836784749295,-0.910995700350668,450.527738461704,171.607958790479,27.090292,273.336,292.392,292.074,292.53,292.074,88.5004986225888
20230601083335.8,59.6569988876581,9.7116705,1.6525655,2.0033011,2.0390888,0.000363737,-1.12e-07,0.000365757,0.0003221,1.3544245,3.6409084,273.381,292.409,293.304,292.527,292.088,59.6569988876581,NaN,20.7030143662021,-2.99586841953078,460.645399078861,162.625658166875,27.08849,273.381,292.409,292.088,292.527,292.088,29.8564540325516
20230601083336.6,60.5000037699938,9.7549606,1.7503988,2.0014312,2.0387959,3.479e-06,1.347e-06,-0.014597416,-0.01753144,1.3544921,3.6412576,273.407,292.383,293.298,292.555,292.071,60.5000037699938,NaN,20.8231637409674,-5.36621164175631,456.940144271706,172.408869037891,27.089842,273.407,292.383,292.071,292.555,292.071,-27.7391534773836
20230601083337.4,61.3359980285168,9.7744371,1.8241259,2.0000569,2.0368246,5.724e-06,3.591e-06,-0.044708225,-0.09150623,1.3545034,3.6589656,273.449,292.409,293.321,292.533,292.082,61.3359980285168,NaN,20.877219732929,-7.10831693632008,432.002729449756,179.781489262379,27.090068,273.449,292.409,292.082,292.533,292.082,-55.0261774364573
20230601083338.5,62.3679980635643,9.8053585,1.8838396,1.9667021,2.0378722,-0.000305602,5.836e-06,-0.00221442,-0.00503951,1.354447,3.6534459,273.509,292.383,293.323,292.533,292.329,62.3679980635643,NaN,20.9630404373595,-49.3898956884996,445.255119125333,185.752786550608,27.08894,273.509,292.383,292.329,292.533,292.329,-98.9712190383306
20230601083339.3,63.2270056754351,9.7978675,1.7907939,2.000485,2.0366106,4.3433e-05,1.459e-06,0.54706177,0.19663899,1.3545259,3.6634489,273.478,292.409,293.312,292.51,292.147,63.2270056754351,NaN,20.9422495644724,-6.56564410171177,429.295578446912,176.448329849861,27.090518,273.478,292.409,292.147,292.51,292.147,-86.7270353164426
20230601083340.2,64.0939995646477,9.7800131,1.9644379,1.9997077,2.0359347,1.0774e-05,7.744e-06,-0.44962859,-0.45322516,1.3545259,3.6501228,273.551,292.386,293.332,292.541,292.396,64.0939995646477,NaN,20.8926956249618,-7.55097368438192,420.74528235897,193.812518408221,27.090518,273.551,292.386,292.396,292.541,292.396,-65.0094077274547
20230601083341.2,65.0670077651739,9.7533272,1.7401029,2.0001245,2.0371175,5.275e-06,2.581e-06,0.001073591,-0.17146266,1.3545259,3.6542907,273.548,292.386,293.321,292.541,292.267,65.0670077651739,NaN,20.8186303259662,-7.02262508016611,435.707984256911,171.379291574932,27.090518,273.548,292.386,292.267,292.541,292.267,-25.1983366898311
20230601083342.1,66.0080004483461,9.7614603,1.6877901,1.9996176,2.0391564,-1.01e-06,-4.714e-06,0.00409256,0.27058082,1.3544808,3.6534234,273.548,292.406,293.335,292.561,292.275,66.0080004483461,NaN,20.8412033133214,-7.66518723822037,461.500555190039,166.148075274825,27.089616,273.548,292.406,292.275,292.561,292.275,-35.8813289509274
20230601083343,66.860007494688,9.752764,1.8873091,2.0001245,2.0400801,1.0101e-05,3.704e-06,-0.28212158,-0.1905478,1.3545146,3.635569,273.602,292.409,293.321,292.547,292.581,66.860007494688,NaN,20.8170671942602,-7.02262508016611,473.185580336409,186.099732325891,27.090292,273.602,292.409,292.581,292.547,292.581,-25.8494791120079
20230601083344,67.8439993411303,9.7489451,1.70026,2.0002597,2.0385481,-0.000186751,2.694e-06,0.10930722,0.000233999,1.3544696,3.6320769,273.613,292.417,293.335,292.544,292.55,67.8439993411303,NaN,20.8064680400127,-6.85124136785817,453.805415213275,167.395050090562,27.089392,273.613,292.417,292.55,292.544,292.55,-19.2297127164456
20230601083344.9,68.8290070742369,9.7584639,1.5759099,2.0017917,2.0393704,4.377e-06,3.367e-06,0.000366094,-0.019475487,1.3544696,3.6373826,273.627,292.42,293.312,292.541,292.466,68.8290070742369,NaN,20.8328869641666,-4.90923066330151,464.207706192879,154.960191508343,27.089392,273.627,292.42,292.466,292.541,292.466,-30.8614093271496
20230601083346,69.8439985513687,9.7507812,1.7132594,2.0054865,2.0411052,0.000323671,-7.295e-06,0.00302191,0.00437485,1.3544132,3.6327528,273.613,292.425,293.335,292.544,292.463,69.8439985513687,NaN,20.8115640381047,-0.225587614218512,486.153339649543,168.694974261542,27.088264,273.613,292.425,292.463,292.544,292.463,-22.2013649365777
20230601083346.8,70.7069993019104,9.7427045,1.8281698,2.0082012,2.041522,1.5039e-05,8.305e-06,-0.70561835,-0.48874573,1.3544808,3.6486246,273.698,292.437,293.335,292.533,292.485,70.7069993019104,NaN,20.7891475859559,3.21565028373107,491.425958985918,180.18587433823,27.089616,273.698,292.437,292.485,292.533,292.485,-11.8790238847512
20230601083347.7,71.5590063482523,9.7262695,1.5990699,2.0091925,2.0416459,5.387e-06,3.928e-06,-0.10639549,-0.2135197,1.3543907,3.6568027,273.695,292.406,293.323,292.544,292.32,71.5590063482523,NaN,20.7435331158053,4.47225290215647,492.993323515126,157.276163307032,27.087814,273.695,292.406,292.32,292.544,292.32,10.0939609262146
20230601083348.6,72.5360076874495,9.7341547,1.6668941,2.0085617,2.0414994,5.724e-06,3.479e-06,0.000422097,-0.10396401,1.3542781,3.6466421,273.686,292.411,293.318,292.547,292.334,72.5360076874495,NaN,20.7654180698687,3.67263126218586,491.140063599636,164.058500719324,27.085562,273.686,292.411,292.334,292.547,292.334,-0.0578714696786172
20230601083349.6,73.5160063952208,9.731485,1.8026104,2.0080323,2.040373,4.938e-06,3.255e-06,0.015170244,-0.000251844,1.3543457,3.6410773,273.709,292.4,293.312,292.544,292.407,73.5160063952208,NaN,20.7580084592231,3.00154740644712,476.890835143568,177.629965461226,27.086914,273.709,292.4,292.407,292.544,292.407,3.7614582834535
20230601083350.5,74.3640001863241,9.7287026,1.6391832,2.0073902,2.0403955,-0.000307959,3.367e-06,0.034433531,0.013314295,1.3542893,3.64796,273.737,292.428,293.337,292.53,292.477,74.3640001863241,NaN,20.7502860557094,2.18760153608446,477.17546550601,161.287444462143,27.085786,273.737,292.428,292.477,292.53,292.477,7.23137215057578
20230601083351.3,75.2070050686598,9.7148359,1.7371741,2.0073451,2.0414544,-8.7315e-05,4.49e-07,0.027777949,0.015125801,1.3542781,3.6436907,273.718,292.417,293.326,292.547,292.511,75.2070050686598,NaN,20.7117997658866,2.13043137761497,490.570802874739,171.086415141253,27.085562,273.718,292.417,292.511,292.547,292.511,25.9660247944906
20230601083352.3,76.2270055711269,9.7101836,1.677404,2.0057343,2.0421415,-7.632e-06,-6.846e-06,0.00354486,0.0049293,1.354233,3.6374164,273.695,292.409,293.332,292.561,292.48,76.2270055711269,NaN,20.6988875541749,0.0885313496123672,499.262781631987,165.1094779217,27.08466,273.695,292.409,292.48,292.561,292.48,31.5994868210458
20230601083353.2,77.0710062235594,9.7264272,1.7825592,2.004743,2.0427723,1.4365e-05,6.734e-06,-0.7090665,-0.45888435,1.3543006,3.6327979,273.754,292.423,293.332,292.544,292.53,77.0710062235594,NaN,20.7439708037848,-1.16807126881258,507.242551971201,175.624869877034,27.086012,273.754,292.423,292.53,292.544,292.53,10.3982539772523
20230601083354,77.9260005801916,9.7269228,1.6672659,2.0038418,2.0430314,7.183e-06,4.377e-06,-0.17444295,-0.22930515,1.3545034,3.6565887,273.751,292.423,293.326,292.53,292.317,77.9260005801916,NaN,20.745346315279,-2.31046033339862,510.520228722766,164.095680266593,27.090068,273.751,292.423,292.317,292.53,292.317,9.38691815550961
20230601083354.9,78.7820007652044,9.7261906,1.7473235,2.0045065,2.0429188,-7.183e-06,-3.928e-06,0.84599512,0.61538379,1.3544358,3.6558903,273.709,292.42,293.337,292.535,292.183,78.7820007652044,NaN,20.7433141330432,-1.4678660022505,509.095811886691,172.101342782601,27.088716,273.709,292.42,292.183,292.535,292.183,10.6041092006194
20230601083355.7,79.628998786211,9.7111523,1.7100152,2.0064552,2.0400125,7.407e-06,4.489e-06,-0.25187327,-0.16253753,1.354402,3.662818,273.777,292.42,293.326,292.558,292.186,79.628998786211,NaN,20.7015761296075,1.00236654342098,472.330424225231,168.370558211917,27.08804,273.777,292.42,292.186,292.558,292.186,30.8835944836284
20230601083356.6,80.4890021681786,9.7260554,1.6264429,2.0079422,2.0406996,0.000317947,2.581e-06,-0.11323105,-0.21994815,1.3544245,3.6622773,273.757,292.439,293.351,292.533,292.183,80.4890021681786,NaN,20.7429388926195,2.88733385260866,481.022402982479,160.013429975665,27.08849,273.757,292.439,292.183,292.533,292.183,10.6039037987196
20230601083357.5,81.3599992543459,9.7254133,1.7539246,2.0085842,2.0414769,2.806e-06,-6.73e-07,0.24628293,0.13523132,1.354402,3.6355126,273.766,292.428,293.346,292.538,292.39,81.3599992543459,NaN,20.7411567781514,3.70115295987034,490.85543323719,172.761444744619,27.08804,273.766,292.428,292.39,292.538,292.39,11.77050334517
20230601083358.3,82.2110004723072,9.725312,1.6520699,2.0035715,2.0412741,1.5824e-05,8.866e-06,-0.71534644,-0.56371967,1.3544245,3.6455945,273.788,292.451,293.354,292.547,292.494,82.2110004723072,NaN,20.7408756253782,-2.65310099491398,488.289964903652,162.576098770354,27.08849,273.788,292.451,292.494,292.547,292.494,11.6775994273554
20230601083359.2,83.0630075186491,9.7139234,1.7847335,2.0083026,2.039607,-2.806e-06,-3.928e-06,0.59158411,0.43689403,1.3545034,3.6339581,273.732,292.425,293.351,292.533,292.429,83.0630075186491,NaN,20.709267170571,3.34418806796248,467.200752582001,175.842297229447,27.090068,273.732,292.425,292.429,292.533,292.429,27.7876115940833
20230601083400,83.9139986783266,9.7253796,1.7773663,2.0079422,2.0402265,1.2682e-05,6.622e-06,-0.59644435,-0.36462058,1.3545259,3.6377993,273.777,292.423,293.351,292.516,292.497,83.9139986783266,NaN,20.7410632455901,2.88733385260866,475.037575228074,175.105586200289,27.090518,273.777,292.423,292.497,292.516,292.497,12.068869045443
20230601083401,84.8910000175238,9.7189024,1.7031437,2.009936,2.0383791,6.285e-06,2.245e-06,-0.10716362,0.000282034,1.3546611,3.6555862,273.743,292.42,293.346,292.535,292.256,84.8910000175238,NaN,20.7230861207918,5.41473655675009,451.667524935336,167.683416579158,27.093222,273.743,292.42,292.256,292.535,292.256,20.6334591716621
20230601083402,85.8680013567209,9.7264947,1.777141,2.0113328,2.0368697,1.908e-06,2.694e-06,0.000454419,0.009690162,1.3547061,3.6568816,273.706,292.411,293.351,292.535,292.488,85.8680013567209,NaN,20.744158146452,7.18536354899834,432.573255198484,175.083056474631,27.094122,273.706,292.411,292.488,292.535,292.488,10.9100335322216
20230601083402.8,86.7350053042173,9.7268552,1.7068611,2.00917,2.0360136,1.347e-06,2.245e-06,0.031299504,0.020958847,1.3546836,3.6619507,273.737,292.428,293.332,292.533,292.245,86.7350053042173,NaN,20.7451586950671,4.44373120447199,421.743386163289,168.05515205258,27.093672,273.737,292.428,292.245,292.533,292.245,10.3646648874458
20230601083403.7,87.5790059566498,9.7269115,1.8876133,2.0099698,2.0352363,5.275e-06,4.826e-06,-0.0135539,-0.026502536,1.3547287,3.6543583,273.737,292.423,293.346,292.524,292.312,87.5790059566498,NaN,20.7453149527288,5.45758248482707,411.910355908585,186.130151955475,27.094574,273.737,292.423,292.312,292.524,292.312,10.9133720669862
20230601083404.5,88.4180076420307,9.7204231,1.7862542,2.0108372,2.0346505,4.826e-06,2.918e-06,0.020002087,-0.005998019,1.3546836,3.6419898,273.715,292.42,293.346,292.535,292.477,88.4180076420307,NaN,20.727306742925,6.55712562133658,404.499846294271,175.994365377732,27.093672,273.715,292.42,292.477,292.535,292.477,19.5193654060953
20230601083405.4,89.2860073596239,9.7111186,1.8235852,2.0118172,2.0355855,4.826e-06,2.918e-06,0.017245378,0.005491862,1.3549314,3.6457071,273.689,292.442,293.34,292.547,292.415,89.2860073596239,NaN,20.7014825970463,7.79940400936812,416.327819133778,179.727419920775,27.098628,273.689,292.442,292.415,292.547,292.415,32.4022693941742
20230601083406.4,90.3090052306652,9.7148246,1.6055133,2.0122227,2.0361487,-2.918e-06,-2.24e-07,0.00014845,0.00046223,1.3548751,3.6455719,273.636,292.414,293.329,292.521,292.256,90.3090052306652,NaN,20.7117684033364,8.31342838319233,423.452433361814,157.920495461077,27.097502,273.636,292.414,292.256,292.521,292.256,25.5178041839588
20230601083407.3,91.1530058830976,9.7203781,1.9555952,2.0098459,2.0359009,1.01e-06,-2.469e-06,0.30134429,0.45092732,1.3549202,3.6336427,273.655,292.434,293.343,292.527,292.385,91.1530058830976,NaN,20.7271818478135,5.30052300291163,420.317704303387,192.928259175739,27.098404,273.655,292.434,292.385,292.527,292.385,20.3565702940125
20230601083408.2,92.1290013939142,9.7268102,1.7244564,2.007638,2.0374442,1.01e-06,3.37e-07,-0.000562945,0.26468658,1.3549427,3.637146,273.633,292.42,293.34,292.524,292.323,92.1290013939142,NaN,20.7450337999556,2.50172049991534,439.840817119657,169.814660627255,27.098854,273.633,292.42,292.323,292.524,292.323,10.3286468046724
20230601083409.2,93.0630035698414,9.726078,1.7206827,2.0045966,2.039652,1.459e-05,4.714e-06,-0.00743162,-0.30252365,1.3549877,3.654516,273.638,292.42,293.329,292.541,292.124,93.0630035698414,NaN,20.7430016177199,-1.35365244841205,467.770013306894,169.437295222388,27.099754,273.638,292.42,292.124,292.541,292.124,11.0851709935747
20230601083410,93.9140047878027,9.7009353,1.6118665,2.0048782,2.0382665,3.142e-06,-1.683e-06,0.27588689,0.19305139,1.3550328,3.6384189,273.602,292.423,293.34,292.535,292.331,93.9140047878027,NaN,20.6732193884132,-0.996687556504639,450.243108099261,158.555807724956,27.100656,273.602,292.423,292.331,292.535,292.331,43.4174741964333
20230601083411.1,95.0240068137646,9.7186658,1.8207014,2.006872,2.0376469,7.632e-06,1.122e-06,0.000277432,0.000630283,1.3551567,3.6438372,273.576,292.417,293.337,292.527,292.214,95.0240068137646,NaN,20.7224294500503,1.53071514763724,442.405020429356,179.439043432301,27.103134,273.576,292.417,292.214,292.527,292.214,21.832457605596
20230601083412,95.8790011703968,9.6904931,1.8858221,2.0082012,2.0391789,0.00036441,6.73e-07,-0.011168902,0.014240867,1.3553144,3.6391173,273.557,292.434,293.335,292.516,292.292,95.8790011703968,NaN,20.6442376165722,3.21565028373107,461.78518555249,185.951034136571,27.106288,273.557,292.434,292.292,292.516,292.292,61.432584772268
20230601083412.8,96.7230018228292,9.7114452,1.9576454,2.0083026,2.0386608,4.601e-06,-2.24e-07,-0.024785307,0.010617521,1.3553707,3.641742,273.537,292.414,293.323,292.519,292.169,96.7230018228292,NaN,20.7023890580108,3.34418806796248,455.231097073185,193.133276679266,27.107414,273.537,292.414,292.169,292.519,292.169,32.7979848720564
20230601083413.7,97.562999278307,9.6813462,1.7660115,2.0100599,2.0363853,4.601e-06,2.357e-06,-0.023046643,-0.015808264,1.3554158,3.6458761,273.526,292.417,293.321,292.533,292.018,97.562999278307,NaN,20.6188508811283,5.57179603866552,426.445479750935,173.970120026725,27.108316,273.526,292.417,292.018,292.533,292.018,72.1264133061641
20230601083414.7,98.5860072076321,9.6779218,1.8347146,1.9909661,2.0353152,-0.000208523,9.764e-06,-0.00333456,-0.00447944,1.3554045,3.654471,273.506,292.425,293.332,292.521,292.124,98.5860072076321,NaN,20.6093466406912,-18.6320969056292,412.9084597129,180.840346368803,27.10809,273.506,292.425,292.124,292.521,292.124,78.791748055023
20230601083415.5,99.4299978017807,9.7070746,1.7718579,2.0111075,2.0350448,-4.265e-06,-4.265e-06,0.58699892,0.4087206,1.3554834,3.6479488,273.441,292.42,293.318,292.513,292.082,99.4299978017807,NaN,20.6902586896968,6.89976628285194,409.487835268195,174.55475290772,27.109668,273.441,292.42,292.082,292.513,292.082,37.5203840931229
20230601083416.4,100.270005315542,9.6776965,1.7674421,2.0093164,2.0357657,1.235e-06,7.86e-07,0.11666349,0.15405107,1.3556073,3.6458535,273.441,292.414,293.321,292.519,292.046,100.270005315542,NaN,20.6087213324998,4.62931238407145,418.607392081027,174.113178284721,27.112146,273.441,292.414,292.046,292.519,292.046,77.1795632531569
20230601083417.2,101.117999106646,9.6791609,1.8392092,2.0092038,2.0363402,8.193e-06,5.499e-06,-0.4352231,-0.39683246,1.3556073,3.6657919,273.435,292.414,293.329,292.519,292.088,101.117999106646,NaN,20.6127856969713,4.48657713254852,425.874954002207,181.289800895849,27.112146,273.435,292.414,292.088,292.519,292.088,76.6582493357522
20230601083418.1,101.969000324607,9.7250078,1.7415899,2.009722,2.0381426,-1.12e-07,-3.255e-06,0.3770563,0.19071776,1.3557537,3.6480389,273.367,292.445,293.321,292.519,292.071,101.969000324607,NaN,20.7400313344248,5.14346352099619,448.675743570046,171.527989764252,27.115074,273.367,292.445,292.071,292.519,292.071,12.679898324514
20230601083419.2,103.079002350569,9.6789919,1.820769,2.0102627,2.0373991,4.377e-06,1.908e-06,0.000630059,0.000478773,1.3559114,3.6672901,273.345,292.431,293.323,292.519,292.049,103.079002350569,NaN,20.6123166464416,5.82887160712789,439.270291370929,179.445803349986,27.118228,273.345,292.431,292.049,292.519,292.049,76.3412838329398
20230601083420.2,104.10200022161,9.7252331,1.6839488,1.9275013,2.0368471,1.5263e-05,1.0325e-05,-0.00436023,-0.00503389,1.3561818,3.660092,273.317,292.423,293.312,292.521,292.152,104.10200022161,NaN,20.7406566426162,-99.082045314593,432.287359812202,165.763949952273,27.123636,273.317,292.423,292.152,292.521,292.152,14.0367252097183
20230601083421.1,104.950004070997,9.725143,1.6827886,2.0079985,2.0383341,1.122e-06,-2.581e-06,0.46288453,0.29120338,1.3562494,3.6322572,273.271,292.434,293.321,292.53,292.351,104.950004070997,NaN,20.7404065748485,2.95870147836968,451.098264210439,165.647931365017,27.124988,273.271,292.434,292.351,292.53,292.351,12.2883097128482
20230601083422,105.918003246188,9.7252444,1.7296719,2.0088095,2.0395619,6.285e-06,-2.24e-07,0.000365533,0.10769449,1.3564071,3.6615114,273.252,292.437,293.335,292.499,292.113,105.918003246188,NaN,20.7406880051664,3.98675022601674,466.630226833269,170.336204276481,27.128142,273.252,292.437,292.113,292.499,292.113,12.1556951506399
20230601083422.9,106.774003431201,9.7258301,1.7248844,2.0101275,2.0407447,9.315e-06,3.367e-06,-0.091875579,-0.1628558,1.3564972,3.631187,273.229,292.445,293.329,292.502,292.379,106.774003431201,NaN,20.7423135844281,5.6574878948195,481.592928731206,169.857460106091,27.129944,273.229,292.445,292.379,292.502,292.379,11.1709164371977
20230601083423.7,107.618004083633,9.7259203,1.7093956,2.0107133,2.0410601,5.163e-06,-3.37e-07,0.05224569,0.19600694,1.356531,3.6299254,273.167,292.442,293.326,292.493,292.354,107.618004083633,NaN,20.7425639297404,6.40006613942069,485.582813900815,168.308598966387,27.13062,273.167,292.442,292.354,292.493,292.354,10.9477661656417
20230601083424.7,108.60599912703,9.7259991,1.7765439,2.0113103,2.0399224,6.958e-06,1.122e-06,-0.027120249,0.000665748,1.3567,3.6597653,273.13,292.442,293.323,292.505,292.107,108.60599912703,NaN,20.7427826349578,7.15684185131386,471.190637751606,175.023347201704,27.134,273.13,292.442,292.107,292.505,292.107,11.1941884056817
20230601083425.6,109.453007206321,9.7259203,1.6265668,2.0095868,2.0385143,4.489e-06,-5.61e-07,0.034392342,0.10907882,1.3567901,3.6323811,273.102,292.423,293.329,292.479,292.337,109.453007206321,NaN,20.7425639297404,4.97207980868779,453.377837157688,160.025819824795,27.135802,273.102,292.423,292.337,292.479,292.337,11.0116398298415
20230601083426.5,110.398998856544,9.726078,1.7495652,2.0092714,2.03901,8.529e-06,6.173e-06,-0.00471674,-0.052550271,1.356959,3.6219162,273.076,292.417,293.326,292.496,292.387,110.398998856544,NaN,20.7430016177199,4.57226898870249,459.648560298381,172.325510052943,27.13918,273.076,292.417,292.387,292.496,292.387,11.1565104243745
20230601083427.5,111.352001130581,9.7261005,1.7512549,2.0088771,2.0385256,-5.05e-06,-5.387e-06,0.65564711,0.00242472,1.3572519,3.6608693,273.017,292.423,293.326,292.493,292.046,111.352001130581,NaN,20.7430640652756,4.07244208217071,453.520784850825,172.494477995441,27.145038,273.017,292.423,292.046,292.493,292.046,11.2068655363106
20230601083428.3,112.203002348542,9.7254809,1.7551187,2.0081675,2.0377483,1.1672e-05,3.928e-06,-0.3807996,-0.15441425,1.3572519,3.6315925,273,292.428,293.329,292.505,292.32,112.203002348542,NaN,20.7413443983632,3.17293111875506,443.687754596122,172.880853290595,27.145038,273,292.428,292.32,292.505,292.32,12.1677243376769
20230601083429.2,113.06300573051,9.7257738,1.7028959,2.0066467,2.0379736,1.2682e-05,8.193e-06,-0.53043489,-0.42051958,1.357297,3.6457409,272.989,292.42,293.332,292.502,292.362,113.06300573051,NaN,20.7421573267665,1.24511788149084,446.537853292102,167.658636880898,27.14594,272.989,292.42,292.362,292.502,292.362,11.5951566302229
20230601083430.2,114.047007635236,9.7140474,1.6994152,2.0060497,2.0366782,4.153e-06,4.714e-06,0.00049774,-0.1171954,1.3573871,3.6362786,272.927,292.403,293.318,292.491,292.317,114.047007635236,NaN,20.7096113259892,0.488342169597672,430.15073455809,167.310571119253,27.147742,272.927,292.403,292.317,292.491,292.317,27.353953435577
20230601083431.1,115.032005310059,9.7258189,1.633258,2.0058244,2.0359009,4.826e-06,2.357e-06,0.000985827,1.2121e-05,1.3575448,3.6488612,272.87,292.397,293.323,292.496,292.169,115.032005310059,NaN,20.7422824994226,0.202744903450821,420.317704303387,160.6949316771,27.150896,272.87,292.397,292.169,292.496,292.169,11.5685911478045
20230601083432,115.88300652802,9.7254471,1.8513862,2.0061398,2.037478,4.826e-06,1.459e-06,0.007781241,0.035143723,1.3574997,3.6364589,272.848,292.397,293.337,292.499,292.424,115.88300652802,NaN,20.7412505882573,0.602555723436126,440.268395175248,182.507486068243,27.149994,272.848,292.397,292.424,292.499,292.424,12.6269396752629
20230601083433,116.907000169158,9.7107806,1.8842451,2.0071649,2.0375005,0.000270586,-1.7171e-05,0.00265078,0.00530492,1.3576687,3.6303084,272.769,292.428,293.321,292.496,292.281,116.907000169158,NaN,20.7005444959869,1.90200426993761,440.553025537694,185.793336056842,27.153374,272.769,292.428,292.281,292.496,292.281,33.266828723849
20230601083433.9,117.762004584074,9.7257513,1.6816621,2.0069396,2.0360586,1.3019e-05,9.203e-06,-0.73428978,-0.49193971,1.3577926,3.6587065,272.786,292.409,293.343,292.505,292.099,117.762004584074,NaN,20.7420948792107,1.61640700379121,422.312646888189,165.535282736726,27.155852,272.786,292.409,292.099,292.505,292.099,11.7889165444359
20230601083434.7,118.609998375177,9.7259653,1.9095793,2.0080773,2.0369711,8.529e-06,4.714e-06,-0.16543572,-0.24313257,1.3577701,3.641404,272.715,292.411,293.337,292.488,292.368,118.609998375177,NaN,20.7426888248519,3.05859080181608,433.855989365249,188.326725208066,27.155402,272.715,292.411,292.368,292.488,292.368,12.1204843623656
20230601083435.6,119.453003257513,9.7130899,1.7230821,2.0087307,2.0393929,6.73e-07,-2.469e-06,0.49791037,0.41733424,1.357849,3.6228625,272.661,292.423,293.309,292.499,292.326,119.453003257513,NaN,20.7069538355621,3.88686090257124,464.49233655533,169.677232300703,27.15698,272.661,292.423,292.326,292.499,292.326,28.4270695472133
20230601083436.4,120.3010071069,9.7258639,1.726822,2.0095192,2.0405419,-2.132e-06,-4.04e-06,0.449905,0.52728941,1.3577814,3.6510127,272.611,292.417,293.34,292.505,292.007,120.3010071069,NaN,20.7424073945341,4.88638795253382,479.027460397676,170.051217746727,27.155628,272.611,292.417,292.007,292.505,292.007,11.1755057576688
20230601083437.4,121.274005249143,9.685852,1.6921495,2.0093502,2.0403054,2.806e-06,1.347e-06,-0.000252854,0.13331943,1.3579053,3.6372812,272.591,292.434,293.329,292.524,292.219,121.274005249143,NaN,20.631356489866,4.67215831214889,476.035679032386,166.584009966501,27.158106,272.591,292.434,292.219,292.524,292.219,64.1154246774707
20230601083438.4,122.254003956914,9.7259203,1.7856797,2.0081449,2.0389198,0.000490893,3.367e-06,-0.029905121,0.000505259,1.3578602,3.6397707,272.557,292.453,293.337,292.521,292.2,122.254003956914,NaN,20.7425639297404,3.14428265797005,458.507508800918,175.936916077285,27.157204,272.557,292.453,292.2,292.521,292.2,11.5256429839562
20230601083439.2,123.106000944972,9.7261343,1.9611487,2.0085279,2.0376582,6.397e-06,4.265e-06,-0.053546758,-0.095837157,1.3581306,3.6573434,272.5,292.445,293.321,292.524,291.956,123.106000944972,NaN,20.7431578753816,3.62978533410887,442.547968122497,193.483602413391,27.162612,272.5,292.445,291.956,292.524,291.956,11.9465469093638
20230601083440.1,123.961005359888,9.6933543,1.8424308,2.0077957,2.0384918,4.826e-06,-1.01e-06,0.020604537,0.006110361,1.3582094,3.6417082,272.433,292.453,293.323,292.502,292.144,123.961005359888,NaN,20.6521787253033,2.70162590990776,453.093206795242,181.611956972993,27.164188,272.433,292.453,292.144,292.502,292.144,56.8551460843246
20230601083441.1,125.000005960464,9.688871,2.0258979,1.9403542,2.039821,1.7957e-05,8.081e-06,-0.00478422,-0.00517222,1.3582545,3.6584924,272.45,292.473,293.321,292.493,292.135,125.000005960464,NaN,20.6397355641213,-82.7893107293494,469.907903584837,199.958443570027,27.16509,272.45,292.473,292.135,292.493,292.135,67.506027404022
20230601083442,125.868005678058,9.7259203,1.7649076,2.0096882,2.0404293,2.694e-06,-3.03e-06,0.41649188,0.20050216,1.3583559,3.6303084,272.342,292.453,293.329,292.499,292.312,125.868005678058,NaN,20.7425639297404,5.10061759291875,477.603043561601,173.859731370914,27.167118,272.342,292.453,292.312,292.499,292.312,11.2286776696587
20230601083443,126.864007115364,9.7258639,1.8676861,2.0104767,2.0396746,2.02e-06,2.581e-06,0.000675063,0.13537752,1.3585136,3.632336,272.32,292.476,293.318,292.496,292.273,126.864007115364,NaN,20.7424073945341,6.10014464288133,468.055908693179,184.137456220292,27.170272,272.32,292.476,292.273,292.496,292.273,11.7171766355033
20230601083443.9,127.813006192446,9.725954,1.79067,2.0109723,2.0376244,1.055e-05,7.856e-06,-0.00436023,-0.29891918,1.3586037,3.6302633,272.269,292.453,293.323,292.485,292.337,127.813006192446,NaN,20.7426574623017,6.72838257054354,442.120390066906,176.435940000731,27.172074,272.269,292.453,292.337,292.485,292.337,11.5998960171767
20230601083444.8,128.676006942987,9.7261568,1.7131692,2.0115919,2.0363628,-7.519e-06,-4.714e-06,0.77817245,0.61725969,1.3586487,3.6555862,272.184,292.465,293.329,292.507,291.998,128.676006942987,NaN,20.7432203229373,7.51380674322172,426.160849388485,168.685954371376,27.172974,272.184,292.465,291.998,292.507,291.998,11.2228970351742
20230601083445.6,129.532007128,9.7091247,1.7551299,2.0095981,2.0372414,4.265e-06,-7.86e-07,0.12901544,0.26264536,1.3587389,3.6395904,272.164,292.479,293.329,292.533,292.183,129.532007128,NaN,20.69594863343,4.9864040390803,437.275348786126,172.881973276957,27.174778,272.164,292.479,292.183,292.533,292.183,34.3082806098119
20230601083446.5,130.382998287678,9.708156,1.7041463,1.9309032,2.0380637,1.7396e-05,9.54e-06,-0.88528545,-0.63697059,1.358874,3.6441188,272.178,292.493,293.349,292.53,292.326,130.382998287678,NaN,20.6932600579974,-94.7696913878108,447.677639765727,167.783675358319,27.17748,272.178,292.493,292.326,292.53,292.326,36.6169307339162
20230601083447.5,131.359999626875,9.7140474,1.8412368,2.0108034,2.0375118,6.285e-06,2.469e-06,0.000851488,-0.166124,1.358108,3.6565099,272.068,292.49,293.343,292.566,292.099,131.359999626875,NaN,20.7096113259892,6.51427969325914,440.695973230831,181.492558426895,27.16216,272.068,292.49,292.099,292.566,292.099,28.2824417383366
20230601083448.4,132.296999171376,9.7260554,1.7046983,2.0119636,2.0355067,-7.86e-07,-3.479e-06,0.00393849,0.3495768,1.3581193,3.654471,272.012,292.49,293.343,292.569,292.032,132.296999171376,NaN,20.7429388926195,7.98498518896849,415.330980353294,167.838874686163,27.162386,272.012,292.49,292.032,292.569,292.032,11.4296958865851
20230601083449.3,133.152999356389,9.7133489,1.8085807,2.0131239,2.0346393,1.2682e-05,6.509e-06,-0.46113363,-0.33406527,1.358063,3.6406944,271.998,292.521,293.349,292.597,292.348,133.152999356389,NaN,20.7076726763147,9.45581744777837,404.358163624958,178.226988191352,27.16126,271.998,292.521,292.348,292.597,292.348,29.2964708840632
20230601083450.2,134.125001728535,9.7117944,1.9367721,2.0132365,2.035563,6.173e-06,3.591e-06,0.0007635,-0.11846062,1.3583108,3.6521054,271.921,292.512,293.332,292.583,292.119,134.125001728535,NaN,20.7033582440757,9.59855269930131,416.043188771328,191.045972096123,27.166216,271.921,292.512,292.119,292.583,292.119,32.4222944566161
20230601083451.1,134.976998716593,9.7226535,1.6119904,2.0123354,2.0375118,2.581e-06,-1.235e-06,0.069258553,0.18581095,1.3582432,3.6253407,271.882,292.498,293.337,292.594,292.357,134.976998716593,NaN,20.7334970997381,8.45629039781579,440.695973230831,158.568197574086,27.164864,271.882,292.498,292.357,292.594,292.357,15.2567557325647
20230601083451.9,135.817006230354,9.7203217,1.8388262,2.011682,2.0394718,4.826e-06,8.98e-07,0.018792357,0.15294892,1.3582657,3.6194606,271.851,292.487,293.332,292.6,292.354,135.817006230354,NaN,20.7270253126072,7.62802029706017,465.490440359645,181.251501362218,27.165314,271.851,292.487,292.354,292.6,292.354,19.2971569670914
20230601083452.9,136.750002577901,9.7214595,1.8381728,2.0121551,2.0401702,-2.24e-07,3.37e-07,-0.00096269,0.3505125,1.3584009,3.6448172,271.8,292.47,293.309,292.586,292.281,136.750002577901,NaN,20.7301832161142,8.22773652703836,474.325366810033,181.186162157846,27.168018,271.8,292.47,292.281,292.586,292.281,17.6193074402997
20230601083453.7,137.606002762914,9.7214595,1.7131355,2.0107245,2.0381651,-7.86e-07,-1.571e-06,0.30230698,0.40179845,1.3585474,3.6501454,271.707,292.482,293.307,292.561,291.965,137.606002762914,NaN,20.7301832161142,6.41426360671221,448.960373932496,168.682584412411,27.170948,271.707,292.482,291.965,292.561,291.965,17.2908453477527
20230601083454.6,138.457003980875,9.6819995,1.6875197,1.940602,2.038627,1.7732e-05,1.0662e-05,-0.89261128,-0.6711449,1.3586037,3.6489513,271.744,292.49,293.309,292.589,292.284,138.457003980875,NaN,20.6206640806019,-82.4751917655185,454.803519017594,166.121035604084,27.172074,271.744,292.49,292.284,292.589,292.284,70.7281449664014
20230601083455.4,139.313004165888,9.7126393,1.6678404,2.0080323,2.0393479,-3.816e-06,-3.142e-06,0.64724828,0.38478259,1.3581869,3.6605088,271.636,292.487,293.323,292.583,291.993,139.313004165888,NaN,20.7057032191794,3.00154740644712,463.923075830433,164.153129567039,27.163738,271.636,292.487,291.993,292.583,291.993,28.5845505298476
20230601083456.3,140.153001621366,9.7237912,1.7213586,2.0083139,2.0396295,0.000127605,7.07e-06,-0.43252734,-0.37127842,1.3581756,3.6595063,271.619,292.49,293.323,292.577,292.023,140.153001621366,NaN,20.7366547257004,3.35851229835498,467.485382944451,169.504884399363,27.163512,271.619,292.49,292.023,292.577,292.023,14.0740604978714
20230601083457.1,140.996006503701,9.7248614,1.6201347,2.0100261,2.0396633,-0.000125249,5.611e-06,-0.1843533,-0.32935078,1.3582657,3.6583235,271.571,292.479,293.332,292.586,292.054,140.996006503701,NaN,20.7396250089955,5.52895011058854,467.912961000038,159.382617656991,27.165314,271.571,292.479,292.054,292.586,292.054,12.2175905642344
20230601083458.1,141.969004645944,9.7253232,1.7610326,2.009767,2.038075,6.622e-06,5.499e-06,0.000718383,-0.23680873,1.3582319,3.6405029,271.52,292.504,293.329,292.6,292.194,141.969004645944,NaN,20.7409067103838,5.2005069163647,447.820587458868,173.472236089398,27.164638,271.52,292.504,292.194,292.6,292.194,12.3267664557446
20230601083459.1,142.949999123812,9.7256274,1.9222069,2.0094516,2.0383679,4.489e-06,4.265e-06,0.01494859,-0.000252517,1.3583333,3.6386442,271.461,292.482,293.337,292.597,292.194,142.949999123812,NaN,20.7417510013372,4.8006960963794,451.525842266023,189.589469831776,27.166666,271.461,292.482,292.194,292.597,292.194,12.4236898809818
20230601083459.9,143.801000341773,9.725954,1.7544315,2.0112877,2.0379286,5.163e-06,2.132e-06,0.022822092,0.013622366,1.3584122,3.6432965,271.45,292.487,293.343,292.603,292.315,143.801000341773,NaN,20.7426574623017,7.12819339052885,445.968592567206,172.81213412738,27.168244,271.45,292.487,292.315,292.603,292.315,11.4347134299021
20230601083500.8,144.645000994205,9.7098794,1.6660155,2.0111976,2.0388185,4.377e-06,1.347e-06,0.022100791,0.029840739,1.3584798,3.63834,271.382,292.498,293.351,292.617,292.365,144.645000994205,NaN,20.6980432632215,7.0139798366904,457.226039657988,163.970641789171,27.169596,271.382,292.498,292.365,292.617,292.365,32.1830015461668
20230601083501.6,145.500005409122,9.7135855,1.8527267,2.0091587,2.0393028,4.489e-06,3.479e-06,0.016193447,0.017423038,1.3587614,3.6440174,271.34,292.484,293.349,292.589,292.278,145.500005409122,NaN,20.7083293470563,4.42940697407903,463.352550081705,182.641534435952,27.175228,271.34,292.484,292.278,292.589,292.278,28.8058960139964
20230601083502.4,146.340002864599,9.7129997,1.7388526,2.0085504,2.0381426,5.387e-06,3.142e-06,0.014285871,0.001116238,1.3562156,3.6496385,271.3,292.498,293.337,292.631,292.214,146.340002864599,NaN,20.7067034902498,3.65830703179336,448.675743570046,171.254263097389,27.124312,271.3,292.498,292.214,292.631,292.214,28.8486496895283
20230601083503.3,147.188006713986,9.714757,1.6845346,2.0090574,2.0373991,-0.000111556,5.05e-06,0.017469726,0.005358982,1.3561818,3.6412914,271.261,292.496,293.335,292.617,292.334,147.188006713986,NaN,20.7115807831245,4.30099595294905,439.270291370929,165.82252923896,27.123636,271.261,292.496,292.334,292.617,292.334,26.1401166587486
20230601083504.2,148.118005692959,9.7083925,1.6954838,2.0083477,2.0362839,-1.571e-06,-2.918e-06,0.00038688,0.08988051,1.3562268,3.6532657,271.184,292.496,293.329,292.634,292.065,148.118005692959,NaN,20.6939164511943,3.40135822643197,425.162745584166,166.917435906413,27.124536,271.184,292.496,292.065,292.634,292.065,34.8401663436157
20230601083505.1,148.96900691092,9.7258639,1.7540598,2.0090574,2.035608,1.0886e-05,6.958e-06,-0.4405325,-0.09802024,1.3561593,3.6438034,271.201,292.49,293.351,292.631,292.312,148.96900691092,NaN,20.7424073945341,4.30099595294905,416.612449496224,172.774964579989,27.123186,271.201,292.49,292.312,292.631,292.312,11.9013638012309
20230601083506,149.926002323627,9.714374,1.6957992,2.0087194,2.0351349,-5.948e-06,-4.826e-06,0.77695672,0.00175106,1.3562606,3.6555524,271.102,292.487,293.346,292.611,292.018,149.926002323627,NaN,20.7105177869537,3.87253667217828,410.62762174182,166.948975522359,27.125212,271.102,292.487,292.018,292.611,292.018,27.0401355907274
20230601083506.9,150.774006173015,9.7256274,1.6098051,1.9919461,2.0366782,1.5263e-05,7.632e-06,-0.70495032,-0.49392917,1.3562156,3.6286637,271.111,292.482,293.343,292.642,292.306,150.774006173015,NaN,20.7417510013372,-17.3898185175972,430.15073455809,158.349670235067,27.124312,271.111,292.482,292.306,292.642,292.306,11.9166370202581
20230601083507.7,151.621004194021,9.7255373,1.8950254,2.0070748,2.0384017,6.73e-07,-2.245e-06,0.4411092,0.36330868,1.3562606,3.6334399,271.043,292.484,293.318,292.622,292.219,151.621004194021,NaN,20.7415009335696,1.78779071609915,451.953420321617,186.87135292996,27.125212,271.043,292.484,292.219,292.622,292.219,12.510416550549
20230601083508.6,152.493007108569,9.7254584,1.7560536,2.007424,2.0393817,1.358e-05,8.529e-06,-0.67574242,-0.45228834,1.3563282,3.6464731,271.04,292.49,293.343,292.622,292.239,152.493007108569,NaN,20.7412819508075,2.23044746416099,464.350653886017,172.974342152192,27.126564,271.04,292.49,292.239,292.622,292.239,12.0097170552385
20230601083509.5,153.343998268247,9.7130899,1.8184147,2.0070523,2.0383341,-5.163e-06,-3.479e-06,0.72336746,0.52061015,1.3564972,3.6547301,270.947,292.467,293.326,292.622,291.953,153.343998268247,NaN,20.7069538355621,1.75926901841467,451.098264210439,179.210376216754,27.129944,270.947,292.467,291.953,292.622,291.953,29.4054484010394
20230601083510.3,154.192002117634,9.7077392,1.7446538,1.9874177,2.0371964,1.5937e-05,9.764e-06,-0.73855667,-0.56065502,1.3564747,3.6476446,270.964,292.482,293.349,292.617,292.233,154.192002117634,NaN,20.6921032517206,-23.1301587751122,436.70608806123,171.834376033423,27.129494,270.964,292.482,292.233,292.617,292.233,36.5464102593735
20230601083511.3,155.168007686734,9.7135404,1.6862694,2.0067031,2.0370837,7.183e-06,2.357e-06,0.000586401,-0.15767908,1.3565197,3.6559241,270.888,292.49,293.343,292.625,292.032,155.168007686734,NaN,20.7082041744001,1.31661227035283,435.280406201324,165.996007126541,27.130394,270.888,292.49,292.032,292.625,292.032,27.8638459006847
20230601083512.1,156.020004674792,9.7255147,1.7959981,2.0066467,2.0384467,4.601e-06,-4.49e-07,0.076903224,0.16312244,1.3564634,3.6212629,270.837,292.445,293.346,292.611,292.247,156.020004674792,NaN,20.7414382084692,1.24511788149084,452.522681046514,176.968743512846,27.129268,270.837,292.445,292.247,292.611,292.247,12.2085030624239
20230601083513.1,156.993002817035,9.7255373,1.7863444,2.0059371,2.0386833,7.407e-06,2.806e-06,-0.027532358,0.000277881,1.3564859,3.6556988,270.826,292.479,293.323,292.597,292.007,156.993002817035,NaN,20.7415009335696,0.345606918074736,455.515727435635,176.003385267898,27.129718,270.826,292.479,292.007,292.597,292.007,12.1326414053328
20230601083513.9,157.840000838041,9.7260667,1.6814706,2.0078971,2.0379736,4.265e-06,6.73e-07,0.022637474,0.066651445,1.3565986,3.6268051,270.783,292.467,293.332,292.591,292.245,157.840000838041,NaN,20.7429702551697,2.83016369413917,446.537853292102,165.516132969911,27.131972,270.783,292.467,292.245,292.591,292.245,11.1091075553845
20230601083514.9,158.778006210923,9.726123,1.7461971,2.0094291,2.0375568,-1.12e-07,-2.132e-06,8.66e-05,0.099794477,1.3565761,3.6611621,270.721,292.465,293.346,292.577,291.906,158.778006210923,NaN,20.7431265128314,4.77217439869537,441.265233955728,171.988704154188,27.131522,270.721,292.465,291.906,292.577,291.906,11.2743895562165
20230601083515.8,159.730998426676,9.7260104,1.8085131,2.0073451,2.0396408,1.4814e-05,9.652e-06,-0.73030972,-0.00391599,1.3566324,3.638081,270.71,292.456,293.343,292.583,292.149,159.730998426676,NaN,20.742813997508,2.13043137761497,467.628330637588,178.220228273667,27.132648,270.71,292.456,292.149,292.583,292.149,11.4017888214307
20230601083516.7,160.586002841592,9.7261681,1.7543977,2.0079422,2.0379511,-2.694e-06,-4.377e-06,0.65832151,0.54604734,1.3565873,3.6345777,270.659,292.465,293.329,292.608,292.102,160.586002841592,NaN,20.7432516854875,2.88733385260866,446.253222929652,172.808754168537,27.131746,270.659,292.465,292.102,292.608,292.102,11.2182329253534
20230601083517.5,161.434006690979,9.7253345,1.6681558,2.0068044,2.0365768,2.806e-06,-1.459e-06,0.10993252,0.28564429,1.3566662,3.641787,270.636,292.47,293.332,292.591,291.931,161.434006690979,NaN,20.740938072934,1.44502329148327,428.868000391329,164.184669182985,27.133324,270.636,292.47,291.931,292.591,291.931,12.2316674220067
20230601083518.5,162.422001734376,9.6854578,1.6987731,2.0088433,2.0358897,4.826e-06,1.122e-06,-0.10386054,0.000763388,1.3567,3.6568365,270.628,292.47,293.321,292.614,291.88,162.422001734376,NaN,20.6302624086897,4.02959615409418,420.176021634074,167.24636190112,27.134,270.628,292.47,291.88,292.614,291.88,65.3605381926121
20230601083519.4,163.273998722434,9.7252218,1.7205926,2.0081111,2.0352701,6.06e-06,1.683e-06,-0.11317144,-0.006307214,1.3568013,3.6411787,270.546,292.467,293.318,292.611,291.897,163.273998722434,NaN,20.7406252800659,3.10143672989261,412.337933964172,169.428285332101,27.136026,270.546,292.467,291.897,292.611,291.897,12.7150405481207
20230601083520.2,164.114006236196,9.680017,1.8131767,2.0070973,2.0362614,5.387e-06,1.571e-06,-0.12120137,-0.024203732,1.3568577,3.6494357,270.552,292.487,293.315,292.628,291.78,164.114006236196,NaN,20.6151617570806,1.81631241378363,424.878115221716,178.686582594926,27.137154,270.552,292.487,291.78,292.628,291.78,75.0097402996914
20230601083521.2,165.110007673502,9.6830021,1.7954124,2.0076493,2.0385481,5.05e-06,1.235e-06,0.000569567,-0.016603974,1.3570379,3.655665,270.535,292.501,293.323,292.614,291.92,165.110007673502,NaN,20.6234467436852,2.51604473030829,453.805415213275,176.910174226037,27.140758,270.535,292.501,291.92,292.614,291.92,70.246983278371
20230601083522.1,165.953002497554,9.7252669,1.9681778,2.0096994,2.039055,7.295e-06,1.235e-06,-0.029772465,-0.013775556,1.3571618,3.6355802,270.495,292.487,293.315,292.594,292.029,165.953002497554,NaN,20.7407504527221,5.11481506021073,460.217821023271,194.186503854245,27.143236,270.495,292.487,292.029,292.594,292.029,12.9955311947105
20230601083522.9,166.801006346941,9.7251543,1.7404521,2.0079872,2.0394493,5.499e-06,4.49e-07,-0.01624192,0.002972523,1.3571843,3.6416068,270.439,292.49,293.309,292.603,291.883,166.801006346941,NaN,20.7404379373988,2.94437724797763,465.205809997195,171.41421114972,27.143686,270.439,292.49,291.883,292.603,291.883,12.3499270827318
20230601083524,167.852006480098,9.6875079,1.7902532,1.9490279,2.0393254,1.8518e-05,9.764e-06,-0.00530155,-0.00567493,1.357342,3.6603286,270.456,292.504,293.304,292.6,291.903,167.852006480098,NaN,20.6359523524229,-71.794259653559,463.638445467983,176.394260508257,27.14684,270.456,292.504,291.903,292.6,291.903,65.1611334654552
20230601083525,168.844004720449,9.7254809,1.733209,2.009339,2.0369936,3.928e-06,1.908e-06,0.000987735,-0.14776763,1.3576349,3.6578166,270.385,292.504,293.295,292.58,291.897,168.844004720449,NaN,20.7413443983632,4.65796084485692,434.140619727699,170.689909969449,27.152698,270.385,292.504,291.897,292.58,291.897,12.1676155829288
20230601083525.9,169.789000600576,9.7255823,1.6734389,2.0091137,2.0366219,-2.357e-06,-3.367e-06,0.00543538,0.36238648,1.35768,3.6560368,270.348,292.504,293.318,292.622,291.852,169.789000600576,NaN,20.7416258286811,4.37236357871006,429.438526140057,164.712972749896,27.1536,270.348,292.504,291.852,292.622,291.852,11.8705598902807
20230601083526.8,170.645000785589,9.7187334,1.7871329,2.0077845,2.0383566,7.295e-06,5.163e-06,-0.27192783,-0.22227953,1.3576349,3.6595175,270.34,292.518,293.304,292.589,291.88,170.645000785589,NaN,20.7226170702622,2.68742844261624,451.382894572886,176.082234307762,27.152698,270.34,292.518,291.88,292.589,291.88,21.4282145765177
20230601083527.6,171.493004634976,9.7253232,1.6741711,2.007807,2.0394831,8.754e-06,7.407e-06,-0.28695638,-0.38299602,1.3576687,3.6491766,270.34,292.515,293.307,292.6,292.065,171.493004634976,NaN,20.7409067103838,2.71595014030072,465.633388052785,164.786191858316,27.153374,270.34,292.515,292.065,292.6,292.065,11.8814428318683
20230601083528.5,172.344005852938,9.7141938,1.7500721,2.008618,2.0380187,-2.02e-06,1.12e-07,0.46240318,0.21726154,1.3569253,3.6562057,270.272,292.518,293.301,292.611,291.886,172.344005852938,NaN,20.7100176514185,3.74399888794733,447.10837904083,172.376199435704,27.138506,270.272,292.518,291.886,292.611,291.886,27.3569111089111
20230601083529.3,173.200006037951,9.7247487,1.9267353,2.0074015,2.0383228,9.315e-06,5.05e-06,-0.27949442,-0.23944376,1.3568802,3.6319868,270.283,292.535,293.301,292.622,292.169,173.200006037951,NaN,20.7393122161275,2.20192576647651,450.955316517295,190.042304317665,27.137604,270.283,292.535,292.169,292.622,292.169,13.7376745916347
20230601083530.2,174.043000862002,9.7179674,1.7432458,2.0074578,2.0389536,-6.846e-06,-6.734e-06,0.83156935,0.69383436,1.3568689,3.6423615,270.21,292.526,293.301,292.622,291.931,174.043000862002,NaN,20.7204910779205,2.27329339223843,458.935086856509,171.693577747907,27.137378,270.21,292.526,291.931,292.622,291.931,22.1221914602361
20230601083531,174.899001047015,9.6870573,1.7853193,2.0044501,2.0401477,1.5824e-05,7.632e-06,-0.75364255,-0.45791266,1.3569027,3.640807,270.252,292.543,293.301,292.642,292.13,174.899001047015,NaN,20.6347017360402,-1.53936039111295,474.040736447583,175.900876516135,27.138054,270.252,292.543,292.13,292.642,292.13,64.3768826701243
20230601083531.9,175.762001797557,9.7149485,1.7086972,2.007086,2.0394718,5.724e-06,4.377e-06,-0.12905249,-0.20535145,1.3569478,3.6551243,270.204,292.54,293.281,292.62,291.934,175.762001797557,NaN,20.7121122812099,1.80198818339113,465.490440359645,168.23875981681,27.138956,270.204,292.54,291.934,292.62,291.934,25.8669007894357
20230601083532.9,176.750006899238,9.7254133,1.7801148,2.007086,2.0379511,6.73e-07,1.796e-06,0.19589335,-7.497e-05,1.3569027,3.6282582,270.162,292.518,293.278,292.636,292.166,176.750006899238,NaN,20.7411567781514,1.80198818339113,446.253222929652,175.380432853515,27.138054,270.162,292.518,292.166,292.636,292.166,12.346434745028
20230601083533.7,177.618006616831,9.7253232,1.6730671,2.0075704,2.0367232,-1.122e-06,1.235e-06,0.30921677,0.050169208,1.3568802,3.6574674,270.165,292.535,293.287,292.622,291.883,177.618006616831,NaN,20.7409067103838,2.41602864376136,430.719995282987,164.675793202627,27.137604,270.165,292.535,291.883,292.622,291.883,12.2306346297508
20230601083534.6,178.461001440883,9.7255711,1.813447,2.008573,2.0365993,1.0437e-05,5.163e-06,-0.3049225,-0.055350179,1.3569253,3.6295649,270.148,292.529,293.276,292.608,292.175,178.461001440883,NaN,20.7415947436755,3.68695549257882,429.152630753772,178.713612265789,27.138506,270.148,292.529,292.175,292.608,292.175,12.3896170806304
20230601083535.5,179.402999952435,9.7251543,1.7123131,2.0082238,2.0367796,-5.05e-06,-3.255e-06,0.67331076,0.00152951,1.3569928,3.6389483,270.094,292.532,293.281,292.603,292.071,179.402999952435,NaN,20.7404379373988,3.24429874451653,431.433468724856,168.600345413826,27.139856,270.094,292.532,292.071,292.603,292.071,12.5770314851612
20230601083536.4,180.266000702977,9.7251205,1.7738742,2.0076605,2.03616,9.764e-06,7.519e-06,-0.48493657,-0.41711417,1.3568351,3.658898,270.1,292.51,293.27,292.606,291.886,180.266000702977,NaN,20.7403441272928,2.53024219759982,423.595381054954,174.756380452526,27.136702,270.1,292.51,291.886,292.606,291.886,12.9460393845651
20230601083537.2,181.129001453519,9.725526,1.8753122,2.0064102,2.036329,8.305e-06,4.04e-06,-0.16074148,-0.24015454,1.3568239,3.627695,270.103,292.524,293.276,292.62,292.163,181.129001453519,NaN,20.7414695710194,0.945323148052012,425.733271332894,184.900056934195,27.136478,270.103,292.524,292.163,292.62,292.163,12.7489501622818
20230601083538.4,182.250007241964,9.7255823,1.6776068,2.0079084,2.0379849,5.05e-06,3.928e-06,0.000340169,-7.5755e-05,1.3568126,3.6390835,270.069,292.549,293.27,292.608,292.194,182.250007241964,NaN,20.7416258286811,2.84448792453122,446.680800985243,165.129757674756,27.136252,270.069,292.549,292.194,292.608,292.194,11.7347450325074
20230601083539.3,183.180006220937,9.711648,1.8223798,2.0095981,2.0374216,0,-3.591e-06,0.00238199,0.090594631,1.3568915,3.6540992,270.015,292.529,293.25,292.611,291.864,183.180006220937,NaN,20.7029519186464,4.9864040390803,439.554921733376,179.606881388558,27.13783,270.015,292.529,291.864,292.611,291.864,31.4891869592442
20230601083540.1,184.03600640595,9.7251768,1.786288,2.0090123,2.0375005,1.1896e-05,5.948e-06,-0.43751849,-0.064041008,1.356914,3.6333386,270.058,292.535,293.259,292.603,292.191,184.03600640595,NaN,20.7405003849545,4.24382579447956,440.553025537694,175.997745336575,27.13828,270.058,292.535,292.191,292.603,292.191,12.7072163742048
20230601083541.1,185.024001449347,9.7172916,1.7290861,2.0071987,2.037478,6.734e-06,5.611e-06,0.000277657,-0.035560715,1.3568351,3.6396467,270.004,292.521,293.25,292.614,292.015,185.024001449347,NaN,20.7186154308911,1.94485019801459,440.268395175248,170.277624989794,27.136702,270.004,292.521,292.015,292.614,292.015,23.1276639918532
20230601083542,185.887002199888,9.7257738,1.7590275,2.0054977,2.0372189,1.796e-06,2.132e-06,0.021091616,-0.003390132,1.3568802,3.6550455,269.998,292.512,293.245,292.6,291.925,185.887002199888,NaN,20.7421573267665,-0.211390146926988,436.990718423676,173.271728530954,27.137604,269.998,292.512,291.925,292.6,291.925,11.9153795887099
20230601083542.8,186.731002852321,9.7255711,1.7647274,2.0051373,2.0366782,4.826e-06,4.265e-06,0.011192923,-0.019342832,1.3569365,3.652218,270.015,292.484,293.25,292.6,291.962,186.731002852321,NaN,20.7415947436755,-0.668244362280802,430.15073455809,173.841711590339,27.13873,270.015,292.484,291.962,292.6,291.962,12.2867315393848
20230601083543.7,187.571000307798,9.7189249,1.9923407,2.0051823,2.0369035,4.601e-06,4.265e-06,0.032591387,-0.010151313,1.356914,3.6487035,269.984,292.507,293.239,292.597,292.026,187.571000307798,NaN,20.7231485683476,-0.611200966911838,433.000833254075,196.60276443173,27.13828,269.984,292.507,292.026,292.597,292.026,22.6199444828334
20230601083544.5,188.417998328805,9.7146444,1.714138,2.007638,2.0387058,5.163e-06,3.704e-06,0.024129572,-0.002948283,1.3569365,3.6424066,270.001,292.501,293.228,292.603,292.113,188.417998328805,NaN,20.7112682678012,2.50172049991534,455.800357798078,168.782833191694,27.13873,270.001,292.501,292.113,292.603,292.113,26.3942608061694
20230601083545.6,189.461002126336,9.7112312,1.6276595,2.0098684,2.0395844,-8.417e-06,-5.275e-06,0.00400372,0.00367645,1.3569253,3.6359632,269.925,292.524,293.242,292.583,292.046,189.461002126336,NaN,20.7017951123696,5.32904470059611,466.914857195716,160.135088494243,27.138506,269.925,292.524,292.046,292.583,292.046,29.996767673185
20230601083546.4,190.309005975723,9.725526,1.6235817,2.0080773,2.039224,1.358e-05,9.203e-06,-0.7292953,-0.47501615,1.3568689,3.658943,269.978,292.518,293.222,292.628,291.878,190.309005975723,NaN,20.7414695710194,3.05859080181608,462.355711301218,159.727313459671,27.137378,269.978,292.518,291.878,292.628,291.878,11.4638833906951
20230601083547.3,191.161002963781,9.7256274,1.6082506,2.0104204,2.0393254,8.529e-06,3.816e-06,-0.19541074,-0.24663807,1.3569703,3.6262869,269.959,292.524,293.231,292.606,292.144,191.161002963781,NaN,20.7417510013372,6.02877701712032,463.638445467983,158.19422212794,27.139406,269.959,292.524,292.144,292.606,292.144,11.2131114417641
20230601083548.1,192.008000984788,9.7254697,1.8859798,2.0090911,2.0376695,-4.601e-06,-5.275e-06,0.77991227,0.66917431,1.3569478,3.633654,269.919,292.515,293.239,292.603,292.04,192.008000984788,NaN,20.7413133133577,4.34371511792506,442.690915815634,185.966803944544,27.138956,269.919,292.515,292.04,292.603,292.04,12.629893752467
20230601083549,192.878998070955,9.7249177,1.7720268,2.0068608,2.0374329,1.4478e-05,8.866e-06,-0.71950874,-0.42868446,1.3569253,3.6458198,269.967,292.521,293.225,292.594,292.079,192.878998070955,NaN,20.7397812666572,1.51651768034526,439.69786942652,174.571642702055,27.138506,269.967,292.521,292.079,292.594,292.079,13.0646054245435
20230601083550,193.867998942733,9.7139685,1.6694963,2.0088433,2.0377258,2.02e-06,2.469e-06,0.14358516,-0.000164529,1.3570041,3.6280104,269.908,292.496,293.231,292.62,292.091,193.867998942733,NaN,20.7093923432271,4.02959615409418,443.403124233675,164.318717550694,27.140082,269.908,292.496,292.091,292.62,292.091,27.0312118706226
20230601083550.8,194.711003825068,9.7255711,1.7022426,2.0100712,2.0357094,-1.347e-06,-1.122e-06,0.491203,0.090028878,1.3569703,3.6606778,269.919,292.521,293.217,292.6,291.78,194.711003825068,NaN,20.7415947436755,5.58612026905803,417.895183662993,167.593307676403,27.139406,269.919,292.521,291.78,292.6,291.78,12.0854619187571
20230601083551.8,195.645006000996,9.7257625,1.6988181,2.0105781,2.0349096,1.1784e-05,7.407e-06,-0.5629043,-0.00306352,1.3570604,3.622716,269.936,292.515,293.208,292.608,292.099,195.645006000996,NaN,20.7421259642163,6.22868242711274,407.777523045839,167.250861846325,27.141208,269.936,292.515,292.099,292.608,292.099,11.9030822272886
20230601083552.6,196.492999792099,9.7259653,1.7428515,2.0105668,2.0340085,-3.704e-06,-3.704e-06,0.64399694,0.4295816,1.357083,3.6504946,269.897,292.484,293.206,292.6,291.76,196.492999792099,NaN,20.7426888248519,6.21435819671979,396.378393285751,171.654148228035,27.14166,269.897,292.484,291.76,292.6,291.76,11.9064436249157
20230601083553.5,197.34400101006,9.6850297,1.7463323,2.0095305,2.0346956,9.988e-06,6.958e-06,-0.4242084,-0.32308991,1.357083,3.6602722,269.936,292.51,293.217,292.597,291.782,197.34400101006,NaN,20.6290742398627,4.90071218292633,405.070372042999,172.002223989559,27.14166,269.936,292.51,291.782,292.597,291.782,67.0002956262857
20230601083554.3,198.211004957557,9.7258189,1.7032113,2.0091813,2.0352588,1.459e-06,-7.86e-07,0.3665915,0.24045166,1.3570717,3.6342623,269.911,292.507,293.239,292.597,291.979,198.211004957557,NaN,20.7422824994226,4.45805543486404,412.194986271028,167.690176496843,27.141434,269.911,292.507,291.979,292.597,291.979,11.8308134898115
20230601083555.2,199.055005609989,9.7258301,1.7197478,2.0088997,2.0346843,2.918e-06,-7.86e-07,0.12690899,0.18158905,1.3571731,3.6476784,269.913,292.493,293.234,292.586,291.729,199.055005609989,NaN,20.7423135844281,4.10109054295663,404.927424349855,169.343806360791,27.143462,269.913,292.493,291.729,292.586,291.729,11.956941943903
20230601083556.2,200.047003850341,9.6824501,1.7316432,2.0088433,2.0350561,8.866e-06,2.357e-06,-0.17210708,0.000763612,1.3571168,3.6614663,269.947,292.498,293.225,292.58,291.721,200.047003850341,NaN,20.6219146969846,4.02959615409418,409.630782961332,170.533331876082,27.142336,269.947,292.498,291.721,292.58,291.721,70.1416351806095
20230601083557.1,201.000006124377,9.7254359,1.6717379,1.9316917,2.0368471,1.7059e-05,8.081e-06,-0.76381373,-0.00402396,1.3571505,3.6540992,269.919,292.512,293.214,292.586,291.824,201.000006124377,NaN,20.7412195032518,-93.7701643378482,432.287359812202,164.542874821158,27.14301,269.919,292.512,291.824,292.586,291.824,13.6347222470416
20230601083558,201.847999915481,9.7253796,1.7241748,2.0084829,2.0370386,3.704e-06,4.265e-06,-0.10201501,-0.20275916,1.3571956,3.6580644,269.936,292.521,293.222,292.589,291.836,201.847999915481,NaN,20.7410632455901,3.57274193874036,434.709880452589,169.786500970152,27.143912,269.936,292.521,291.836,292.589,291.836,12.2847974513428
20230601083558.9,202.825001254678,9.7255823,1.7398776,2.0074465,2.038841,5.275e-06,4.265e-06,0.000805249,-0.12999269,1.3572294,3.6488049,269.908,292.526,293.222,292.586,291.858,202.825001254678,NaN,20.7416258286811,2.25896916184547,457.510670020434,171.356761849274,27.144588,269.908,292.526,291.858,292.586,291.858,11.8601110274855
20230601083559.9,203.825005888939,9.7254697,1.6560125,2.0086631,2.0385481,3.367e-06,3.479e-06,0.025643557,-0.000295838,1.3572407,3.6365715,269.908,292.51,293.228,292.597,291.976,203.825005888939,NaN,20.7413133133577,3.80116904641727,453.805415213275,162.970353969556,27.144814,269.908,292.51,291.976,292.597,291.976,11.7237404294961
20230601083600.8,204.700006172061,9.7254922,1.8169728,2.0094967,2.0371964,4.265e-06,2.02e-06,0.027865713,0.021533577,1.3573083,3.6395679,269.93,292.521,293.225,292.594,292.093,204.700006172061,NaN,20.7413757609134,4.8578662548498,436.70608806123,179.066187972517,27.146166,269.93,292.521,292.093,292.594,292.093,12.4139102996948
20230601083601.7,205.567000061274,9.7141037,1.7258307,2.0095643,2.0394267,-1.12e-07,1.908e-06,0.10517546,0.047606098,1.3572294,3.6541781,269.919,292.51,293.228,292.6,291.827,205.567000061274,NaN,20.7097675836509,4.94355811100377,464.919914610917,169.952088953807,27.144588,269.919,292.51,291.827,292.6,291.827,27.0883534472894
20230601083602.5,206.411000713706,9.7255598,1.8339148,2.0088997,2.0411728,2.694e-06,3.142e-06,0.008100311,-0.006731331,1.3571618,3.6559128,269.925,292.504,293.225,292.577,291.83,206.411000713706,NaN,20.7415633811253,4.10109054295663,487.008495760721,180.760367342698,27.143236,269.925,292.504,291.83,292.577,291.83,11.8762844568975
20230601083603.4,207.250002399087,9.7253796,1.7598836,2.008618,2.041567,3.479e-06,3.255e-06,0.007172282,-0.028260728,1.3572407,3.6560705,269.942,292.49,293.206,292.563,291.813,207.250002399087,NaN,20.7410632455901,3.74399888794733,491.995219710814,173.357337488504,27.144814,269.942,292.49,291.813,292.563,291.813,11.8306134537057
20230601083604.2,208.089999854565,9.7255936,1.7280949,2.0093953,2.0394718,6.397e-06,5.05e-06,-0.014746344,-0.060178743,1.3571505,3.6473067,269.939,292.47,293.186,292.563,291.962,208.089999854565,NaN,20.7416571912313,4.72932847061838,465.490440359645,170.178506196751,27.14301,269.939,292.47,291.962,292.563,291.962,11.6818458847669
20230601083605.1,208.942006900907,9.7130223,1.6726616,2.0085842,2.0380299,6.173e-06,3.816e-06,0.019031744,-0.015630715,1.3571505,3.6433979,269.959,292.484,293.203,292.555,292.004,208.942006900907,NaN,20.7067662153503,3.70115295987034,447.25006171014,164.635243696394,27.14301,269.959,292.484,292.004,292.555,292.004,28.2758977772832
20230601083606.1,209.989003837109,9.7109721,1.8571537,2.0075817,2.0390325,-9.764e-06,-4.714e-06,0.00433211,0.0031951,1.3572069,3.6405479,269.894,292.467,293.211,292.549,291.886,209.989003837109,NaN,20.7010759940723,2.43035287415341,459.933190660824,183.084229045313,27.144138,269.894,292.467,291.886,292.549,291.886,32.5650589832109
20230601083606.9,210.84000505507,9.7103526,1.6290788,1.9871474,2.0400125,1.5263e-05,8.305e-06,-0.75122458,-0.42934911,1.3571618,3.6415843,269.981,292.487,293.214,292.552,292.037,210.84000505507,NaN,20.6993566047046,-23.4727994366276,472.330424225231,160.277016766,27.143236,269.981,292.487,292.037,292.552,292.037,31.5647602000608
20230601083607.8,211.680002510548,9.7125492,1.751559,2.0093615,2.0408573,4.714e-06,8.98e-07,0.16343734,0.14050252,1.3571505,3.6215896,269.945,292.493,293.203,292.563,292.015,211.680002510548,NaN,20.7054531514118,4.68648254254094,483.017345567281,172.524887625146,27.14301,269.945,292.493,292.015,292.563,292.015,29.2066338146608
20230601083608.6,212.531999498606,9.7248501,1.7589036,2.0073902,2.0414769,-5.61e-07,-3.367e-06,0.47112251,0.53081628,1.3571731,3.6333724,269.947,292.479,293.225,292.544,291.917,212.531999498606,NaN,20.7395936464453,2.18760153608446,490.85543323719,173.259338681824,27.143462,269.947,292.479,291.917,292.544,291.917,12.5807840500685
20230601083609.5,213.387003913522,9.7245572,1.6877112,1.9808279,2.0410826,1.6161e-05,9.54e-06,-0.82927305,-0.511929,1.3571618,3.6420686,270.012,292.473,293.206,292.535,292.001,213.387003913522,NaN,20.7387807180421,-31.4835935929232,485.867444263265,166.140185370899,27.143236,270.012,292.473,292.001,292.535,292.001,13.3092216123497
20230601083610.4,214.250004664063,9.7142163,1.7667437,2.008235,2.0397647,1.683e-06,-1.122e-06,0.27135007,0.20942842,1.357128,3.6281118,269.984,292.465,293.225,292.544,291.959,214.250004664063,NaN,20.7100800989742,3.25849621180851,469.195695166803,174.043339135144,27.14256,269.984,292.465,291.959,292.544,291.959,27.2409597974862
20230601083611.2,215.109997987747,9.7254471,1.775395,2.0079985,2.038886,1.055e-05,7.183e-06,-0.42598533,-0.27427609,1.3572519,3.6434429,270.007,292.484,293.256,292.544,291.984,215.109997987747,NaN,20.7412505882573,2.95870147836968,458.079930745334,174.908458600688,27.145038,270.007,292.484,291.984,292.544,291.984,12.1471461900869
20230601083612.1,215.981005132198,9.7140136,1.7730857,2.0058244,2.038244,-7.295e-06,-4.153e-06,0.78564793,0.61822351,1.3572632,3.652939,269.961,292.473,293.231,292.544,291.656,215.981005132198,NaN,20.7095175158833,0.202744903450821,449.958477736815,174.677531412661,27.145264,269.961,292.473,291.656,292.544,291.656,27.8238022535479
20230601083613.1,216.965007036924,9.7032108,1.7024679,2.0043713,2.0383566,9.427e-06,2.469e-06,-0.21826118,0.000498188,1.3572857,3.6607454,270.029,292.473,293.22,292.547,291.682,216.965007036924,NaN,20.6795349178825,-1.6392497145589,451.382894572886,167.615837402062,27.145714,270.029,292.473,291.682,292.547,291.682,41.6454042278816
20230601083613.9,217.817004024982,9.7250867,1.7014878,2.0039207,2.0389649,3.03e-06,4.49e-07,0.17320372,0.088713542,1.3572294,3.6381711,270.001,292.487,293.25,292.544,291.85,217.817004024982,NaN,20.7402503171869,-2.21044424685169,459.078034549646,167.517828595503,27.144588,270.001,292.487,291.85,292.544,291.85,12.4454433634027
20230601083614.9,218.801005929708,9.7119747,1.8319773,2.0039207,2.0401815,6.846e-06,1.683e-06,-0.000120423,0.013269291,1.3572857,3.6586839,270.06,292.487,293.276,292.547,291.637,218.801005929708,NaN,20.7038586571556,-2.21044424685169,474.468314503178,180.56661970194,27.145714,270.06,292.487,291.637,292.547,291.637,30.8951730885061
20230601083615.9,219.821006432176,9.7254584,1.7138451,1.9624892,2.0395732,1.4927e-05,9.876e-06,-0.0052217,-0.00600782,1.357297,3.6528827,270.069,292.479,293.264,292.538,291.707,219.821006432176,NaN,20.7412819508075,-54.7302983629288,466.77317452641,168.75354354835,27.14594,270.069,292.479,291.707,292.538,291.707,12.7894015082699
20230601083616.8,220.672007650137,9.7134729,1.8135033,2.0043037,2.0378948,2.581e-06,-1.571e-06,0.28155958,0.17767978,1.357342,3.6321107,270.072,292.476,293.27,292.549,291.937,220.672007650137,NaN,20.708016831733,-1.72494157071287,445.541014511618,178.719242197234,27.14684,270.072,292.476,291.937,292.549,291.937,28.9536752572931
20230601083617.9,221.778006479144,9.7254021,1.6643483,2.0063651,2.0365655,5.163e-06,1.12e-07,0.000188995,0.000365645,1.3572519,3.638295,270.086,292.476,293.281,292.552,291.911,221.778006479144,NaN,20.7411256931458,0.888152989582522,428.725052698184,163.803923819276,27.145038,270.086,292.476,291.911,292.552,291.911,12.1386748080509
20230601083618.7,222.637004032731,9.726337,1.7041688,2.0071311,2.0360699,7.968e-06,2.694e-06,-0.036293802,-0.013187021,1.3573083,3.6274021,270.108,292.47,293.29,292.547,291.928,222.637004032731,NaN,20.7437204584725,1.85915834186062,422.45559458133,167.785925330921,27.146166,270.108,292.47,291.928,292.547,291.928,11.0850832299114
20230601083619.7,223.571006208658,9.7262131,1.8477365,2.009553,2.0375118,-1.347e-06,-3.142e-06,0.00144741,0.10911923,1.3573984,3.6599456,270.106,292.482,293.293,292.561,291.62,223.571006208658,NaN,20.743376580599,4.92923388061081,440.695973230831,182.142520512385,27.147968,270.106,292.482,291.62,292.561,291.62,11.4842090136231
20230601083620.6,224.496006220579,9.7253796,1.6755791,1.9762996,2.0360699,1.6498e-05,1.0101e-05,-0.82494324,-0.00357186,1.3573758,3.6336089,270.145,292.487,293.321,292.566,291.959,224.496006220579,NaN,20.7410632455901,-37.2238070873373,422.45559458133,164.926990143832,27.147516,270.145,292.487,291.959,292.566,291.959,12.894486539647
20230601083621.5,225.355999544263,9.7259653,1.7824804,2.0100486,2.0360023,6.958e-06,4.265e-06,-0.15532408,-0.2457721,1.3574434,3.6447721,270.162,292.484,293.312,292.549,291.937,225.355999544263,NaN,20.7426888248519,5.55747180827302,421.600438470148,175.616989972987,27.148868,270.162,292.484,291.937,292.549,291.937,11.7936782587277
20230601083622.3,226.215007156134,9.7137207,1.6665562,2.0096093,2.0369711,3.37e-07,1.571e-06,0.2750749,0.12491272,1.3572632,3.656262,270.151,292.473,293.326,292.547,291.735,226.215007156134,NaN,20.70870458748,5.00060150637228,433.855989365249,164.024711130775,27.145264,270.151,292.473,291.735,292.547,291.735,27.4248876003544
20230601083623.2,227.090007439256,9.7260667,1.8071726,2.0104542,2.0372865,-6.734e-06,-4.714e-06,0.77675091,0.64197596,1.3572294,3.6503256,270.137,292.462,293.309,292.547,291.626,227.090007439256,NaN,20.7429702551697,6.07162294519685,437.845874534854,178.086179905957,27.144588,270.137,292.462,291.626,292.547,291.626,11.566890885103
20230601083624.1,227.961004525423,9.6917209,1.7352591,2.0090236,2.0365993,1.3131e-05,5.387e-06,-0.5719745,-0.32199451,1.3571843,3.6284159,270.204,292.476,293.318,292.58,291.934,227.961004525423,NaN,20.6476453103021,4.25815002487161,429.152630753772,170.894917473097,27.143686,270.204,292.476,291.934,292.58,291.934,57.5745433635229
20230601083624.9,228.817004710436,9.7250303,1.7134734,2.0080097,2.0372076,9.876e-06,5.836e-06,-0.3407726,-0.31455727,1.3572519,3.6432176,270.218,292.496,293.309,292.569,291.945,228.817004710436,NaN,20.7400937819805,2.97289894566211,436.847770730536,168.71637400096,27.145038,270.218,292.496,291.945,292.569,291.945,12.6998799138765
20230601083626,229.922007769346,9.7128758,1.684039,2.0077732,2.0388185,4.489e-06,7.86e-07,0.000233101,0.000188771,1.3571956,3.6251942,270.199,292.484,293.298,292.566,291.979,229.922007769346,NaN,20.7063596123763,2.67310421222328,457.226039657988,165.772969842439,27.143912,270.199,292.484,291.979,292.566,291.979,28.4864961324814
20230601083627.1,230.946001410484,9.7261793,1.7045068,2.0072325,2.0371964,-7.407e-06,-5.275e-06,0.00349763,0.00396323,1.3572745,3.6324261,270.213,292.487,293.298,292.566,291.861,230.946001410484,NaN,20.743282770493,1.98769612609203,436.70608806123,167.819724919348,27.14549,270.213,292.487,291.861,292.566,291.861,11.1531839919131
20230601083627.9,231.8010058254,9.7250867,1.9072025,2.0019043,2.0377371,1.5488e-05,8.417e-06,-0.72472814,-0.45051366,1.357342,3.6437583,270.283,292.47,293.323,292.569,291.914,231.8010058254,NaN,20.7402503171869,-4.76649541177858,443.546071926816,188.089048102232,27.14684,270.283,292.47,291.914,292.569,291.914,13.3949604343445
20230601083628.8,232.645006477833,9.7140474,1.6805582,2.0075592,2.0382327,2.469e-06,-5.61e-07,0.28169003,0.23504664,1.3572745,3.6263883,270.258,292.473,293.332,292.572,291.886,232.645006477833,NaN,20.7096113259892,2.40183117646984,449.81553004367,165.424894080916,27.14549,270.258,292.473,291.886,292.572,291.886,26.9888406546085
20230601083629.6,233.50400403142,9.7268552,1.8233824,2.0084378,2.0381989,1.0886e-05,6.622e-06,-0.40023223,-0.25184965,1.3572857,3.6453579,270.323,292.473,293.329,292.563,291.875,233.50400403142,NaN,20.7451586950671,3.51557178027042,449.387951988079,179.707140167719,27.145714,270.323,292.473,291.875,292.563,291.875,10.4516155899486
20230601083630.5,234.371007978916,9.715861,1.7941507,2.0083477,2.039438,-6.734e-06,-5.836e-06,0.79347544,0.65378808,1.3572519,3.6483656,270.269,292.453,293.307,292.577,291.586,234.371007978916,NaN,20.7146448765256,3.40135822643197,465.062862304057,176.784005762376,27.145038,270.269,292.453,291.586,292.577,291.586,25.259289419726
20230601083631.5,235.34799925983,9.6834865,1.8319322,2.0081787,2.0386833,2.694e-06,1.796e-06,-0.000121657,0.21576352,1.3571843,3.6355915,270.329,292.462,293.309,292.566,291.791,235.34799925983,NaN,20.6247911701738,3.18712858604704,455.515727435635,180.562109756857,27.143686,270.329,292.462,291.791,292.566,291.791,70.2867983749221
20230601083632.4,236.289002001286,9.7259766,1.7780196,1.9987164,2.0385481,1.8293e-05,1.0999e-05,-0.00717183,-0.59183782,1.3572632,3.6274246,270.368,292.484,293.301,292.563,291.875,236.289002001286,NaN,20.7427201874021,-8.80757630280732,453.805415213275,175.170915404783,27.145264,270.368,292.484,291.875,292.563,291.875,11.6787411030948
20230601083633.2,237.137005850673,9.7256386,1.9294726,2.0085617,2.0371288,-4.04e-06,-2.918e-06,0.66988733,0.44939779,1.3571731,3.6551694,270.337,292.467,293.298,292.552,291.547,237.137005850673,NaN,20.7417820863427,3.67263126218586,435.850931950052,190.316030984528,27.143462,270.337,292.467,291.547,292.552,291.547,12.630406614528
20230601083634.1,237.984999641776,9.7130561,1.7652455,1.991856,2.0359234,1.5375e-05,1.0101e-05,-0.71041157,-0.57083636,1.3572294,3.6529165,270.43,292.465,293.312,292.563,291.757,237.984999641776,NaN,20.7068600254562,-17.5040320714356,420.602334665833,173.893520959462,27.144588,270.43,292.465,291.757,292.563,291.757,29.6499771853603
20230601083634.9,238.836000859737,9.7230703,1.814044,2.0060497,2.0359685,-5.163e-06,-2.581e-06,0.70868413,0.41859496,1.3572632,3.6541668,270.388,292.467,293.298,292.552,291.55,238.836000859737,NaN,20.7346539060149,0.488342169597672,421.172860414561,178.773311538838,27.145264,270.388,292.467,291.55,292.552,291.55,15.9824261209569
20230601083635.8,239.69200104475,9.7251993,1.7346396,2.0037968,2.0374216,1.5263e-05,8.193e-06,-0.64141514,-0.51204146,1.3572745,3.6407169,270.467,292.473,293.315,292.575,291.872,239.69200104475,NaN,20.7405628325102,-2.36750372876759,439.554921733376,170.832968227446,27.14549,270.467,292.473,291.872,292.575,291.872,12.615206444088
20230601083636.8,240.680006146431,9.7138108,1.8929415,2.0063989,2.0360924,6.622e-06,4.601e-06,0.000687408,-0.19701673,1.3571956,3.6456508,270.453,292.462,293.298,292.575,291.651,240.680006146431,NaN,20.7089546552476,0.930998917659963,422.740224943773,186.662965467469,27.143912,270.453,292.462,291.651,292.575,291.651,29.3209135830533
20230601083637.8,241.668001189828,9.7239152,2.0175058,2.006444,2.0377145,4.938e-06,2.694e-06,0.013136299,-0.000209084,1.3572181,3.6481628,270.501,292.465,293.281,292.575,291.662,241.668001189828,NaN,20.7369988811187,0.988169076129452,443.260176540531,199.119243788862,27.144362,270.501,292.465,291.662,292.575,291.662,15.3887164873494
20230601083638.6,242.536000907421,9.7240729,1.8340387,2.0066918,2.0389649,4.377e-06,3.479e-06,0.019142066,0.020206906,1.3572632,3.6424742,270.526,292.476,293.29,292.577,291.864,242.536000907421,NaN,20.7374365690981,1.30228803996033,459.078034549646,180.772757191828,27.145264,270.526,292.476,291.864,292.577,291.864,14.2710749489729
20230601083639.7,243.579004704952,9.7109045,1.6901444,2.0064214,2.0398773,-8.866e-06,-5.387e-06,0.00427138,0.00448956,1.3572069,3.6313673,270.498,292.467,293.295,292.561,291.819,243.579004704952,NaN,20.7008883738604,0.959520615343536,470.620112002878,166.383502408057,27.144138,270.498,292.467,291.819,292.561,291.819,31.0552104366753
