20230531163612.9,0,9.7979126,2.0589708,1.9980518,2.0361262,2.245e-06,-1.459e-06,0.000636792,0.000370808,1.3566549,3.6299817,273.476,291.711,292.174,291.804,291.647,0,NaN,20.9423747371286,-9.65004387085401,423.167802999364,203.265693298044,27.133098,273.476,291.711,291.647,291.804,291.647,0.176919196022968
20230531163614.1,1.20700411498547,9.7975521,1.7703709,1.999505,2.0352363,-2.132e-06,-2.357e-06,0.088280223,0.053786387,1.3566549,3.6249464,273.459,291.695,292.186,291.793,291.369,1.20700411498547,NaN,20.9413741885135,-7.80792248974331,411.910355908585,174.4060547184,27.133098,273.459,291.695,291.369,291.793,291.369,0.740980534642018
20230531163615.6,2.68400274217129,9.7960877,1.8221883,2.002231,2.0327694,1.683e-06,-2.245e-06,0.001873678,0.018931523,1.3566324,3.6189424,273.504,291.706,292.183,291.816,291.564,2.68400274217129,NaN,20.937309824042,-4.35236036140077,380.703482969773,179.587731621742,27.132648,273.504,291.706,291.564,291.816,291.564,3.04678813955706
20230531163616.9,4.03099805116653,9.7939925,1.7028847,2.0038756,2.0360586,1.257e-05,3.704e-06,0.00048697,-0.099233326,1.3566098,3.6373037,273.526,291.725,292.18,291.813,291.396,4.03099805116653,NaN,20.9314947076526,-2.26761440532164,422.312646888189,167.657516894535,27.132196,273.526,291.725,291.396,291.813,291.396,5.29380086629837
20230531163617.9,5.03500588238239,9.7966735,1.7041914,2.0041685,2.0346618,1.4029e-05,8.754e-06,-0.47565719,-0.00263166,1.3566098,3.6094801,273.532,291.714,292.188,291.827,291.74,5.03500588238239,NaN,20.9389356808485,-1.89632528302081,404.642793987408,167.788185303402,27.132196,273.532,291.714,291.74,291.827,291.74,1.87747156263193
20230531163618.8,5.97300119698048,9.7970227,1.7869526,2.0058131,2.0336593,-9.652e-06,-5.499e-06,0.57915007,0.33505092,1.3565535,3.6404015,273.529,291.72,292.186,291.811,291.421,5.97300119698048,NaN,20.9399048669134,0.188420673058317,391.960930060555,176.064204527309,27.13107,273.529,291.72,291.421,291.811,291.421,1.54078332009491
20230531163619.7,6.84000514447689,9.7962341,1.8074655,2.0039094,2.0362952,1.2345e-05,7.744e-06,-0.43586639,-0.36742428,1.3566549,3.6248,273.543,291.737,292.205,291.811,291.735,6.84000514447689,NaN,20.9377161494713,-2.22476847724465,425.305693277307,178.115469549301,27.133098,273.543,291.737,291.735,291.811,291.735,2.33089282404982
20230531163620.6,7.69499950110912,9.7854314,1.8431067,2.0045065,2.0375456,-1.3355e-05,-8.754e-06,0.72719237,0.49878422,1.3566211,3.633654,273.528,291.71,292.202,291.816,291.394,7.69499950110912,NaN,20.9077338290152,-1.4678660022505,441.123551286422,181.679546149968,27.132422,273.528,291.71,291.394,291.816,291.394,17.2213416158996
20230531163621.5,8.67999717593193,9.7844288,1.7106685,2.00436,2.0369035,7.744e-06,1.235e-06,-0.18091527,0.000681011,1.3566211,3.6406268,273.545,291.716,292.202,291.811,291.442,8.67999717593193,NaN,20.9049511659319,-1.6535739449514,433.000833254075,168.435887416411,27.132422,273.545,291.716,291.442,291.811,291.442,18.0092685130834
20230531163622.4,9.54299792647362,9.7968424,1.8568045,2.0036841,2.0324427,1.4927e-05,7.856e-06,-0.4952495,-0.089905396,1.3566662,3.6206208,273.554,291.716,292.214,291.811,291.765,9.54299792647362,NaN,20.9394044538335,-2.51036574339105,376.570650107027,183.049309470524,27.133324,273.554,291.716,291.765,291.811,291.765,2.03166658630709
20230531163623.4,10.5160061269999,9.7848006,1.7429529,2.0039658,2.0344478,5.163e-06,2.581e-06,0.001000417,-0.05711959,1.3566436,3.6278865,273.55,291.705,292.216,291.823,291.541,10.5160061269999,NaN,20.9059830770973,-2.1532740883822,401.935642984572,171.664288104563,27.132872,273.55,291.705,291.541,291.823,291.541,18.0007787658117
20230531163624.2,11.3630041480064,9.7974395,1.945964,2.0014425,2.0352588,2.918e-06,1.01e-06,0.006903379,-0.019867508,1.3566211,3.6230089,273.569,291.71,292.228,291.815,291.745,11.3630041480064,NaN,20.9410616731901,-5.3518874113638,412.194986271028,191.965150903393,27.132422,273.569,291.71,291.745,291.815,291.745,0.891367792449353
20230531163625.3,12.395004183054,9.782987,1.703155,2.0032448,2.0333213,-1.055e-05,-6.509e-06,0.00124723,0.00049372,1.3566662,3.624586,273.521,291.707,292.225,291.816,291.517,12.395004183054,NaN,20.9009495265609,-3.06723604529179,387.685149504669,167.684546565398,27.133324,273.521,291.707,291.517,291.816,291.517,20.3744098002561
20230531163626.1,13.2499985396862,9.7815,1.7771184,2.003808,2.0315077,1.4141e-05,6.509e-06,-0.46423538,-0.21886736,1.3566662,3.6210263,273.555,291.696,292.242,291.816,291.783,13.2499985396862,NaN,20.896822436989,-2.35330626147606,364.742677267521,175.08079650215,27.133324,273.555,291.696,291.783,291.816,291.783,23.0650011073101
20230531163627,14.1100019216537,9.7846879,1.9302386,2.0025464,2.0297617,5.724e-06,4.04e-06,-0.10627403,-0.1035389,1.3566324,3.6230314,273.541,291.707,292.261,291.821,291.758,14.1100019216537,NaN,20.9056702842292,-3.95254954141592,342.655361141547,190.392630051791,27.132648,273.541,291.707,291.758,291.821,291.758,19.7798676399463
20230531163627.8,14.9650063365698,9.7825251,1.7148589,2.003211,2.0331073,-1.1896e-05,-6.285e-06,0.65311443,0.50825709,1.3564972,3.6365039,273.537,291.718,292.25,291.827,291.448,14.9650063365698,NaN,20.899667547628,-3.11008197336923,384.977998501832,168.854922313873,27.129944,273.537,291.718,291.448,291.827,291.448,21.0950623290127
20230531163628.7,15.8210065215826,9.796144,1.7361828,2.0024901,2.0333439,-3.816e-06,-3.591e-06,0.25255846,0.27351391,1.3565761,3.6299029,273.534,291.706,292.281,291.818,291.409,15.8210065215826,NaN,20.9374660817037,-4.02391716717739,387.971044890954,170.987286348332,27.131522,273.534,291.706,291.409,291.818,291.409,2.81783882034859
20230531163629.7,16.8090015649796,9.7572811,1.753688,2.0005976,2.0347745,8.978e-06,1.571e-06,-0.2033226,0.000680786,1.3565761,3.6407394,273.551,291.692,292.3,291.844,291.42,16.8090015649796,NaN,20.8296041655481,-6.42290885018883,406.068475847318,172.73778503272,27.131522,273.551,291.692,291.42,291.844,291.42,55.3817667909798
20230531163630.6,17.7580006420612,9.7973268,1.7167514,1.9911463,2.0341436,1.7396e-05,1.0213e-05,-0.60652446,-0.00135294,1.3565535,3.6054699,273.537,291.715,292.337,291.838,291.742,17.7580006420612,NaN,20.9407488803221,-18.4036697979523,398.087440484273,169.044170009427,27.13107,273.537,291.715,291.742,291.838,291.742,1.34911508167895
20230531163631.5,18.6169981956482,9.7975408,1.7198604,2.0012285,2.0324765,7.968e-06,3.03e-06,-0.14583663,-0.26218058,1.3565648,3.6143126,273.537,291.715,292.345,291.832,291.806,18.6169981956482,NaN,20.9413428259633,-5.6231604471177,376.998228162618,169.355066223681,27.131296,273.537,291.715,291.806,291.832,291.806,1.06272569288025
20230531163632.3,19.4690052419901,9.7879096,1.9167548,2.0015777,2.0314063,-1.4029e-05,-8.978e-06,0.7785627,0.61181756,1.3565423,3.6341947,273.475,291.718,292.365,291.841,291.437,19.4690052419901,NaN,20.9146119415754,-5.18050369905586,363.459943100755,189.044266470652,27.130846,273.475,291.718,291.437,291.841,291.437,14.9437696268867
20230531163633.2,20.3239995986223,9.784395,1.6940757,2.0007779,2.0325441,1.235e-06,-3.255e-06,0.12162203,0.24751778,1.3564521,3.6168584,273.492,291.712,292.384,291.838,291.652,20.3239995986223,NaN,20.904857355826,-6.19435497941049,377.853384273796,166.776627621018,27.129042,273.492,291.712,291.652,291.838,291.652,18.5895033238644
20230531163634,21.1760066449642,9.7844401,1.8198453,1.9162817,2.0339859,2.1324e-05,1.2458e-05,-0.790643,-0.62163054,1.3564972,3.6385315,273.517,291.726,292.41,291.838,291.566,21.1760066449642,NaN,20.9049825284821,-113.30435817415,396.092497899466,179.353434474751,27.129944,273.517,291.726,291.566,291.838,291.566,20.867696944264
20230531163634.9,22.0280036330223,9.7978112,1.7114458,2.0003723,2.0333439,-9.876e-06,-8.193e-06,0.63718722,0.42079592,1.3565535,3.620204,273.452,291.706,292.398,291.849,291.599,22.0280036330223,NaN,20.9420933068108,-6.70850611633523,387.971044890954,168.513616469914,27.13107,273.452,291.706,291.599,291.849,291.599,0.604567628567235
20230531163635.9,23.0159986764193,9.7650199,1.8594404,2.0009018,2.0320935,8.193e-06,8.98e-07,-0.14543851,0.000724781,1.356531,3.6418095,273.467,291.712,292.432,291.841,291.439,23.0159986764193,NaN,20.8510827941822,-6.03729549749551,372.153186881838,183.31289626086,27.13062,273.467,291.712,291.439,291.841,291.439,46.6069899779273
20230531163636.7,23.8630067557096,9.798397,1.7514914,2.000868,2.0304826,1.5712e-05,6.734e-06,-0.52063032,-0.088628227,1.356531,3.6027326,273.455,291.715,292.449,291.835,291.764,23.8630067557096,NaN,20.9437191636172,-6.08014142557204,351.774917954386,172.518127707461,27.13062,273.455,291.715,291.764,291.835,291.764,0.176685301143785
20230531163637.6,24.7190069407225,9.7981153,1.8207465,2.0017917,2.031733,5.05e-06,4.04e-06,-0.15428041,-0.079130372,1.356531,3.6356929,273.45,291.712,292.429,291.824,291.574,24.7190069407225,NaN,20.9429373202195,-4.90923066330151,367.592775963501,179.443553377384,27.13062,273.45,291.712,291.574,291.824,291.574,0.384806082653119
20230531163638.5,25.6599996238947,9.7984533,1.7587346,2.0016002,2.0320259,-1.2794e-05,-1.0101e-05,0.74103785,-0.00065004,1.3564634,3.6382049,273.396,291.69,292.443,291.813,291.448,25.6599996238947,NaN,20.9438754212789,-5.15198200137138,371.298030770657,173.242438887611,27.129268,273.396,291.69,291.448,291.813,291.448,-0.115745814718614
20230531163639.4,26.5159998089075,9.7977098,1.7657975,2.0042474,2.031305,-6.73e-07,-1.347e-06,0.12628819,0.18167115,1.3565085,3.6339018,273.39,291.704,292.432,291.827,291.403,26.5159998089075,NaN,20.941811876493,-1.79630919647434,362.178473957822,173.948720287307,27.13017,273.39,291.704,291.403,291.827,291.403,0.934837372620491
20230531163640.5,27.637005597353,9.7624291,1.7563465,2.004529,2.0334114,5.387e-06,0,0.000193821,0.000415699,1.3565535,3.6222317,273.382,291.701,292.435,291.827,291.479,27.637005597353,NaN,20.8438921662987,-1.43934430456648,388.824935978293,173.003631795536,27.13107,273.382,291.701,291.479,291.827,291.479,48.5385218282806
20230531163641.5,28.664006665349,9.7559519,1.6808511,1.9668373,2.0315866,2.3568e-05,1.1896e-05,-0.00136081,-0.00378779,1.3565873,3.6404465,273.39,291.712,292.457,291.827,291.493,28.664006665349,NaN,20.8259150415004,-49.2185119761916,365.740781071836,165.454183724259,27.131746,273.39,291.712,291.493,291.827,291.493,57.0586840504433
20230531163642.4,29.5280031859875,9.7980478,1.7707201,2.0019607,2.0306967,7.968e-06,6.06e-06,-0.12499253,-0.29585117,1.3565535,3.624845,273.354,291.723,292.466,291.835,291.739,29.5280031859875,NaN,20.9427499775523,-4.69500102291613,354.483333981058,174.440974293189,27.13107,273.354,291.723,291.739,291.835,291.739,0.602868350524488
20230531163643.5,30.6530021131039,9.7861636,1.8350187,2.0051035,2.0297392,3.142e-06,2.806e-06,0.000679327,-0.000379113,1.3565197,3.6131636,273.311,291.706,292.474,291.844,291.801,30.6530021131039,NaN,20.9097660112509,-0.711090290357333,342.370730779097,180.870755998508,27.130394,273.311,291.706,291.801,291.844,291.801,17.1769545595481
20230531163644.6,31.7309986799955,9.7889572,1.7772874,2.0067143,2.0331974,-1.6947e-05,-9.764e-06,0.00123148,0.0007164,1.3564634,3.6145267,273.258,291.718,292.443,291.827,291.678,31.7309986799955,NaN,20.9175194997701,1.33080973764481,386.117784975457,175.097696296364,27.129268,273.258,291.718,291.678,291.827,291.678,12.6019119107283
20230531163645.9,33.067000284791,9.7985096,1.6606986,2.0063651,2.0359009,8.193e-06,7.86e-07,-0.12660865,0.000637466,1.3564634,3.6415505,273.243,291.718,292.365,291.846,291.456,33.067000284791,NaN,20.9440316789406,0.888152989582522,420.317704303387,163.438958263418,27.129268,273.243,291.718,291.456,291.846,291.456,-0.775320422610936
20230531163646.8,33.922004699707,9.7983068,1.7865471,2.0066129,2.032499,1.661e-05,1.1223e-05,-0.55680876,-0.098275787,1.3564972,3.6243832,273.249,291.746,292.272,291.844,291.773,33.922004699707,NaN,20.9434688183049,1.2022719534134,377.282858525068,176.023655021075,27.129944,273.249,291.746,291.773,291.844,291.773,-0.0860778878099029
20230531163647.8,34.9140029400587,9.7864339,1.7738742,2.0074803,2.0335466,1.122e-06,2.132e-06,0.000460367,-0.005063481,1.3564859,3.6074975,273.193,291.729,292.214,291.863,291.773,34.9140029400587,NaN,20.9105162145537,2.30181508992291,390.535248200653,174.756380452526,27.129718,273.193,291.729,291.773,291.863,291.773,15.969305102683
20230531163648.9,35.9919995069504,9.7984195,1.7378049,2.006658,2.0329158,-1.1447e-05,-8.754e-06,-0.00055332,0.00175894,1.3565085,3.6127806,273.147,291.726,292.194,291.838,291.7,35.9919995069504,NaN,20.943781611173,1.25944211188289,382.555477861439,171.149494373145,27.13017,273.147,291.726,291.7,291.838,291.7,-0.292053303343256
20230531163649.7,36.8630066514015,9.7979914,1.9426522,1.9819657,2.0362501,1.8855e-05,8.754e-06,-0.66317685,-0.3806309,1.3563958,3.6106404,273.164,291.729,292.194,291.844,291.778,36.8630066514015,NaN,20.942593442346,-30.0412830317973,424.735167528579,191.633974936083,27.127916,273.164,291.729,291.778,291.844,291.778,0.405004918132256
20230531163650.6,37.7150036394596,9.7984307,1.6892545,2.0014537,2.0382102,-7.07e-06,-4.377e-06,0.49644947,0.38187315,1.3564634,3.6365377,273.085,291.709,292.177,291.835,291.467,37.7150036394596,NaN,20.9438126961785,-5.33768994407183,449.530899681224,166.294513491664,27.129268,273.085,291.709,291.467,291.835,291.467,-0.867644652417648
20230531163651.4,38.5780043900013,9.7981491,1.8081752,2.0004963,2.0367232,5.836e-06,4.489e-06,-0.17958932,-0.1318371,1.3564521,3.6411449,273.088,291.729,292.202,291.838,291.445,38.5780043900013,NaN,20.9430311303255,-6.55131987131881,430.719995282987,178.186438685118,27.129042,273.088,291.729,291.445,291.838,291.445,-0.292613562700192
20230531163652.3,39.4259981811047,9.7984533,1.761731,2.0016565,2.0356869,1.5712e-05,6.734e-06,-0.44262433,-0.42606293,1.356362,3.6099645,273.074,291.748,292.216,291.852,291.784,39.4259981811047,NaN,20.9438754212789,-5.08061437560946,417.610553300543,173.542075238975,27.12724,273.074,291.748,291.784,291.852,291.784,-0.592963857238538
20230531163653.1,40.2740020304918,9.7983857,1.7470645,2.0000795,2.0363064,-1.2233e-05,-8.529e-06,0.68239227,0.51819555,1.3564296,3.6311194,273.009,291.715,292.225,291.827,291.448,40.2740020304918,NaN,20.943687801067,-7.07966847553507,425.447375946616,172.075443097978,27.128592,273.009,291.715,291.448,291.827,291.448,-0.545568206402444
20230531163654.3,41.403004154563,9.7624966,1.7923484,2.0027154,2.0347069,4.714e-06,2.918e-06,0.000195056,0.000592574,1.3564409,3.642001,272.989,291.737,292.23,291.849,291.434,41.403004154563,NaN,20.8440795089659,-3.73831990103099,405.21331973614,176.603777956988,27.128818,272.989,291.737,291.434,291.849,291.434,48.8210437305359
20230531163655.1,42.2500021755695,9.7983294,1.7416349,2.0037179,2.0370499,1.0886e-05,2.806e-06,-0.074155804,-0.022931721,1.3564634,3.6134903,272.958,291.734,292.242,291.86,291.703,42.2500021755695,NaN,20.9435315434054,-2.46751981531452,434.852828145733,171.532489709457,27.129268,272.958,291.734,291.703,291.86,291.703,-0.642082441521309
20230531163656,43.1759979575872,9.7981829,1.70507,2.000699,2.035732,1.5375e-05,9.988e-06,-0.00176343,-0.11271113,1.3564521,3.6182215,272.927,291.718,292.242,291.858,291.706,43.1759979575872,NaN,20.9431249404314,-6.29437106595742,418.181079049271,167.876044233554,27.129042,272.927,291.718,291.706,291.858,291.706,-0.206702631593779
20230531163657,44.121003895998,9.7984195,1.7901067,2.0033237,2.0334002,-2.132e-06,-4.714e-06,0.35844911,-0.0013923,1.3564071,3.638723,272.885,291.726,292.261,291.858,291.507,44.121003895998,NaN,20.943781611173,-2.96721995874486,388.683253308987,176.379610686646,27.128142,272.885,291.726,291.507,291.858,291.507,-0.28788124680425
20230531163657.8,44.9810072779655,9.7984645,1.7243775,2.0027492,2.0351575,-6.509e-06,-4.265e-06,0.37897045,0.39591431,1.3564634,3.6345777,272.831,291.715,292.275,291.844,291.431,44.9810072779655,NaN,20.9439065062844,-3.69547397295401,410.913517128098,169.806770723329,27.129268,272.831,291.715,291.431,291.844,291.431,-0.557040785590324
20230531163658.8,45.9690023213625,9.7623502,1.730697,2.002231,2.0360023,7.07e-06,2.24e-07,-0.10938478,0.000636792,1.3564747,3.6413928,272.834,291.723,292.281,291.855,291.428,45.9690023213625,NaN,20.8436731835366,-4.35236036140077,421.600438470148,170.438713028244,27.129494,272.834,291.723,291.428,291.855,291.428,48.0037691487489
20230531163659.8,46.9490010291338,9.7982167,1.6079802,2.0042361,2.0329721,2.469e-06,-7.86e-07,0.000194943,0.026178782,1.3564296,3.6363012,272.777,291.718,292.261,291.841,291.487,46.9490010291338,NaN,20.9432187505373,-1.81063342686684,383.267686279472,158.167182457199,27.128592,272.777,291.718,291.487,291.841,291.487,0.0255139262986807
20230531163700.8,47.969001531601,9.7983744,1.8306481,1.9297317,2.0348083,2.2558e-05,1.2121e-05,-0.00229089,-0.00352237,1.3565423,3.6397031,272.738,291.72,292.211,291.832,291.532,47.969001531601,NaN,20.9436564385168,-96.2547211139126,406.496053902905,180.433701320471,27.130846,272.738,291.72,291.532,291.832,291.532,1.19622882751725
20230531163701.7,48.8130021840334,9.7985321,2.0325553,2.0076831,2.0373541,7.968e-06,4.489e-06,-0.13774372,-0.31548959,1.3564634,3.6227273,272.687,291.72,292.152,291.835,291.804,48.8130021840334,NaN,20.9440941264963,2.55889065838483,438.701030646029,200.62417546349,27.129268,272.687,291.72,291.804,291.835,291.804,-1.12511246394378
20230531163702.8,49.914002045989,9.7849357,1.7129665,2.0058807,2.0377934,3.142e-06,2.694e-06,0.000416597,-0.000114138,1.3565197,3.6205082,272.648,291.712,292.026,291.824,291.812,49.914002045989,NaN,20.9063580399763,0.274112529212289,444.258280344849,168.665684618198,27.130394,272.648,291.712,291.812,291.824,291.812,17.1871441996916
20230531163703.8,50.9419988840818,9.7855553,1.7294466,2.001296,2.034797,-1.5824e-05,-1.0886e-05,0.00067141,0.00076026,1.3564747,3.6189199,272.554,291.701,291.939,291.824,291.652,50.9419988840818,NaN,20.9080777068887,-5.53759535406425,406.353106209768,170.313674550822,27.129494,272.554,291.701,291.652,291.824,291.652,16.9224621476756
20230531163704.7,51.7850037664175,9.7865804,1.9264086,2.0003723,2.0354954,1.12e-07,-1.796e-06,0.13392224,0.29898029,1.3565535,3.6304774,272.554,291.701,291.816,291.802,291.425,51.7850037664175,NaN,20.9109228175277,-6.70850611633523,415.188032660149,190.009634715479,27.13107,272.554,291.701,291.425,291.802,291.425,16.3465540007793
20230531163705.8,52.8910025954247,9.7538342,1.798589,1.9983898,2.0368697,4.714e-06,6.73e-07,0.000155663,0.000592574,1.3565761,3.6328429,272.501,291.687,291.659,291.81,291.4,52.8910025954247,NaN,20.8200374775553,-9.22158459008369,432.573255198484,177.227830357977,27.131522,272.501,291.687,291.4,291.81,291.4,60.5974618787308
20230531163706.8,53.9099972695112,9.7546227,1.6251587,1.953883,2.0369711,2.3119e-05,1.3355e-05,-0.00182866,-0.00307926,1.3565197,3.6372812,272.501,291.695,291.474,291.807,291.498,53.9099972695112,NaN,20.8222259174527,-65.6397843456662,433.855989365249,159.8850115394,27.130394,272.501,291.695,291.498,291.807,291.498,57.4204411419806
20230531163707.6,54.7620043158531,9.7980027,2.1812032,2.0006765,2.0338508,8.305e-06,3.928e-06,-0.19736537,-0.25162585,1.356531,3.6135579,272.433,291.704,291.404,291.835,291.806,54.7620043158531,NaN,20.9426248048962,-6.3228927636419,394.383450700949,215.48878445893,27.13062,272.433,291.704,291.806,291.835,291.806,0.31226645699449
20230531163708.5,55.6130055338144,9.7962679,1.7117161,1.9988629,2.035394,-1.3692e-05,-8.193e-06,0.77021784,0.58753653,1.3565197,3.6366842,272.365,291.695,291.39,291.818,291.456,55.6130055338144,NaN,20.9378099595772,-8.62186836010642,413.905298493388,168.540646140777,27.130394,272.365,291.695,291.456,291.818,291.456,2.44527990370811
20230531163709.3,56.4609993249178,9.79789,1.7668226,2.0008342,2.0325666,1.7059e-05,8.642e-06,-0.60090801,-0.43168611,1.3564747,3.6239664,272.359,291.723,291.41,291.827,291.787,56.4609993249178,NaN,20.9423120120282,-6.12298735364948,378.138014636243,174.05122903907,27.129494,272.359,291.723,291.787,291.827,291.787,0.598082516270255
20230531163710.2,57.3169995099306,9.787076,1.7239945,2.0032786,2.0303137,-5.611e-06,-3.255e-06,0.45656064,0.28150559,1.3565085,3.6387681,272.28,291.704,291.39,291.832,291.484,57.3169995099306,NaN,20.9122983290219,-3.02439011721481,349.638292700278,169.768471189698,27.13017,272.28,291.704,291.484,291.832,291.484,15.3864056877668
20230531163711,58.1639975309372,9.7985997,1.878624,2.0028055,2.031902,1.1111e-05,4.714e-06,-0.30573111,-0.21561828,1.3564521,3.6033522,272.275,291.726,291.441,291.818,291.787,58.1639975309372,NaN,20.9442817467082,-3.62410634719254,369.730666241445,185.231232901505,27.129042,272.275,291.726,291.787,291.818,291.787,-0.335623853782617
20230531163711.9,59.0280041098595,9.7988025,1.7069399,2.0002259,2.0343802,-4.826e-06,-5.275e-06,0.42411248,0.39934898,1.3564183,3.6142901,272.187,291.726,291.407,291.821,291.72,59.0280041098595,NaN,20.9448446073438,-6.89408729593515,401.080486873394,168.063031956627,27.128366,272.187,291.726,291.72,291.821,291.72,-0.854054646295462
20230531163712.7,59.8790053278208,9.79789,1.6496593,1.9978941,2.0345041,1.3019e-05,8.866e-06,-0.4810296,-0.30606738,1.3564183,3.6404803,272.196,291.726,291.331,291.841,291.538,59.8790053278208,NaN,20.9423120120282,-9.84994928084689,402.647851402606,162.335041705677,27.128366,272.196,291.726,291.538,291.841,291.538,0.395195651923859
20230531163713.6,60.7310023158789,9.7985096,1.8316506,2.0002146,2.0355292,-6.734e-06,-6.173e-06,0.52258276,0.40548951,1.3564634,3.6189649,272.114,291.726,291.295,291.835,291.675,60.7310023158789,NaN,20.9440316789406,-6.90841152632765,415.61561071574,180.533950099753,27.129268,272.114,291.726,291.675,291.835,291.675,-0.630584882786099
20230531163714.5,61.5860067307949,9.7858482,1.8908237,1.9932756,2.0362501,1.9079e-05,1.1672e-05,-0.68459779,-0.50297237,1.3564409,3.6334625,272.105,291.757,291.267,291.849,291.664,61.5860067307949,NaN,20.9088906352919,-15.7045030922004,424.735167528579,186.451188046257,27.128818,272.105,291.757,291.664,291.849,291.664,17.2749442473004
20230531163715.3,62.4340005218983,9.7923591,1.7644683,2.0012848,2.0331861,-9.54e-06,-8.529e-06,0.66540564,0.47879258,1.3563846,3.6243494,272.012,291.737,291.264,291.869,291.557,62.4340005218983,NaN,20.9269612926515,-5.55179282135623,385.974837282312,173.815801905838,27.127692,272.012,291.737,291.557,291.869,291.557,8.04302148654278
20230531163716.2,63.2850017398596,9.7608182,1.9622413,2.000316,2.0315866,1.9416e-05,1.1111e-05,-0.65593421,-0.48455645,1.3564521,3.6361885,272.018,291.729,291.216,291.872,291.633,63.2850017398596,NaN,20.8394211988533,-6.77987374209624,365.740781071836,193.592861082962,27.129042,272.018,291.729,291.633,291.872,291.633,53.9848028142196
20230531163717,64.1530014574528,9.7989264,1.8338134,2.0045515,2.0331636,6.734e-06,2.694e-06,-0.10641798,-0.18588281,1.3564859,3.6071033,271.953,291.746,291.194,291.863,291.829,64.1530014574528,NaN,20.9451884852173,-1.41082260688199,385.690206919866,180.75022746617,27.129718,271.953,291.746,291.829,291.863,291.829,-0.99104271449874
20230531163717.9,65.0200054049492,9.7990954,1.7309335,2.0045853,2.0326567,-1.2906e-05,-1.0325e-05,0.75406233,0.68236865,1.3564071,3.615777,271.862,291.746,291.202,291.858,291.731,65.0200054049492,NaN,20.945657535747,-1.36797667880501,379.277801109867,170.462362740264,27.128142,271.862,291.746,291.731,291.858,291.731,-1.12601016532363
20230531163718.8,65.8830061554909,9.7980365,1.804807,2.0063989,2.032285,-2.24e-07,-1.235e-06,0.10359402,0.29312089,1.3564409,3.6288778,271.848,291.743,291.214,291.877,291.445,65.8830061554909,NaN,20.9427186150021,0.930998917659963,374.575707522225,177.849622786485,27.128818,271.848,291.743,291.445,291.877,291.445,0.318952128130585
20230531163719.6,66.735003143549,9.7570784,1.8305016,1.9827429,2.0345266,1.9752e-05,9.091e-06,-0.65745697,-0.45761688,1.3563846,3.609176,271.834,291.746,291.23,291.863,291.742,66.735003143549,NaN,20.8290415824572,-29.0560802122272,402.932481765056,180.41905149886,27.127692,271.834,291.746,291.742,291.863,291.742,57.273049669401
20230531163720.5,67.5980038940907,9.7986222,1.7284553,2.0050472,2.0335579,-3.928e-06,-4.714e-06,0.41928998,0.36302752,1.3564183,3.6152589,271.752,291.754,291.292,291.866,291.706,67.5980038940907,NaN,20.9443441942639,-0.782457916119256,390.67819589379,170.214545757902,27.128366,271.752,291.754,291.706,291.866,291.706,-0.613005163286975
20230531163721.3,68.449005112052,9.7990278,1.6939856,2.0036165,2.0319808,1.5488e-05,1.0213e-05,-0.59127101,-0.40754014,1.3564859,3.6406831,271.738,291.746,291.329,291.86,291.54,68.449005112052,NaN,20.9454699155351,-2.59605759954502,370.727505021929,166.767617730731,27.129718,271.738,291.746,291.54,291.86,291.54,-0.917204914820068
20230531163722.2,69.3130016326904,9.7999627,1.710691,2.005509,2.0315303,1.055e-05,6.06e-06,-0.21658097,-0.28868608,1.3564071,3.6234032,271.687,291.746,291.362,291.858,291.82,69.3130016326904,NaN,20.9480646808618,-0.197065916534029,365.028572653802,168.438137389013,27.128142,271.687,291.746,291.82,291.858,291.82,-2.15769944728881
20230531163723,70.1640028506517,9.7862424,1.6254178,2.0072438,2.032668,-1.4365e-05,-1.0213e-05,0.77006826,0.63883257,1.3563846,3.6238312,271.591,291.72,291.365,291.849,291.585,70.1640028506517,NaN,20.9099847164683,2.00202035648408,379.420748803012,159.910921223901,27.127692,271.591,291.72,291.585,291.849,291.585,15.6444896094833
20230531163724,71.1600042879581,9.7636569,1.7126849,2.0091475,2.0357657,4.714e-06,3.03e-06,-0.11896334,0.000893799,1.3563846,3.6158108,271.595,291.718,291.379,291.841,291.702,71.1600042879581,NaN,20.8472998600286,4.41520950678751,418.607392081027,168.637524961095,27.127692,271.595,291.718,291.702,291.841,291.702,45.868589460282
20230531163725,72.102002799511,9.7990616,1.8149677,2.0049007,2.0379736,1.6722e-05,1.055e-05,-0.55916712,-0.00195912,1.3563958,3.6110008,271.538,291.698,291.391,291.841,291.761,72.102002799511,NaN,20.9455637256411,-0.968165858820157,446.537853292102,178.865680414073,27.127916,271.538,291.698,291.761,291.841,291.761,-1.81556315899793
20230531163725.8,72.9569971561432,9.7992869,1.7790109,2.0063201,2.0391451,8.417e-06,5.275e-06,-0.11065563,-0.18369538,1.3564521,3.6239664,271.496,291.71,291.441,291.827,291.797,72.9569971561432,NaN,20.9461890338324,0.831109594213558,461.357607496899,175.270044197704,27.129042,271.496,291.71,291.797,291.827,291.797,-2.28916960324838
20230531163726.7,73.8050010055304,9.7857806,2.0827279,2.0069621,2.0394493,-7.519e-06,-7.183e-06,0.59568904,0.51605761,1.3563846,3.6108657,271.416,291.717,291.472,291.831,291.736,73.8050010055304,NaN,20.9087030150801,1.64492870147569,465.205809997195,205.641374369661,27.127692,271.416,291.717,291.736,291.831,291.736,17.4703424956589
20230531163727.5,74.6530048549175,9.7982505,1.7570336,2.0073113,2.0386608,-4.826e-06,-3.816e-06,0.33208637,0.43763517,1.3563733,3.6336202,271.382,291.706,291.509,291.825,291.434,74.6530048549175,NaN,20.9433125606433,2.08758544953753,455.231097073185,173.072340958873,27.127466,271.382,291.706,291.434,291.825,291.434,-0.824268397283818
20230531163728.5,75.6370067596436,9.7622376,1.6722336,2.0069509,2.0384017,8.754e-06,2.132e-06,-0.17820602,0.000769111,1.3564183,3.6416406,271.328,291.722,291.562,291.831,291.421,75.6370067596436,NaN,20.8433606682133,1.63073123418371,451.953420321617,164.592444217558,27.128366,271.328,291.722,291.421,291.831,291.421,46.9232521472266
20230531163729.4,76.5709988772869,9.7991179,1.665441,1.9752407,2.0391789,2.1099e-05,1.2458e-05,-0.67229653,-0.00149352,1.3564183,3.6169823,271.27,291.723,291.594,291.83,291.732,76.5709988772869,NaN,20.9457199833028,-38.5661015619162,461.78518555249,163.913192488724,27.128366,271.27,291.723,291.732,291.83,291.732,-1.34584550110532
20230531163730.3,77.4220000952482,9.7993094,1.9125419,2.0035715,2.0385481,7.519e-06,5.387e-06,-0.12764332,-0.21770898,1.3564634,3.6229639,271.244,291.729,291.627,291.816,291.777,77.4220000952482,NaN,20.9462514813882,-2.65310099491398,453.805415213275,188.622981600588,27.129268,271.244,291.729,291.777,291.816,291.777,-2.26424223222716
20230531163731.1,78.278000280261,9.7864903,1.8152155,2.0009581,2.038458,-1.4365e-05,-7.744e-06,0.81458048,0.61209872,1.3564972,3.6349832,271.144,291.721,291.639,291.796,291.441,78.278000280261,NaN,20.9106727497601,-5.96592787173358,452.665628739651,178.890460112334,27.129944,271.144,291.721,291.441,291.796,291.441,15.5819915399477
20230531163732,79.1450042277575,9.7983519,1.8701643,1.9984686,2.0354616,1.7283e-05,1.0101e-05,-0.59169724,-0.45566563,1.3564183,3.6385991,271.164,291.715,291.675,291.816,291.55,79.1450042277575,NaN,20.9435939909611,-9.1216952666382,414.760454604566,184.385273202654,27.128366,271.164,291.715,291.55,291.816,291.55,-0.368293806808936
20230531163732.9,79.9960054457188,9.7989714,1.6440157,1.9981194,2.0328257,-9.54e-06,-8.754e-06,0.66893701,0.44772883,1.3564859,3.6291031,271.071,291.699,291.709,291.802,291.461,79.9960054457188,NaN,20.9453133803288,-9.56435201470003,381.415691387814,161.770688577737,27.129718,271.071,291.699,291.461,291.802,291.461,-0.82143060685779
20230531163733.9,80.9920068830252,9.7635443,1.7590049,1.9970042,2.0312599,6.397e-06,4.04e-06,-0.12420078,0.000681011,1.3564183,3.6159573,271.044,291.69,291.731,291.833,291.687,80.9920068830252,NaN,20.8469873447053,-10.9780141150404,361.60794820909,173.269468558474,27.128366,271.044,291.69,291.687,291.833,291.687,47.4885840009717
20230531163734.7,81.8400006741285,9.7988701,1.7810385,1.9956074,2.0303249,1.12e-07,-4.49e-07,0.18061624,0.035770979,1.3563846,3.6341496,271.024,291.704,291.762,291.808,291.39,81.8400006741285,NaN,20.9450322275557,-12.7486411072887,349.779975369584,175.47280172875,27.127692,271.024,291.704,291.39,291.808,291.39,-0.335449618764968
20230531163735.6,82.7780060470104,9.7594101,1.8891453,1.9275013,2.0295927,2.3007e-05,1.4141e-05,-0.73283117,-0.00176119,1.3564296,3.623865,270.996,291.709,291.784,291.825,291.642,82.7780060470104,NaN,20.8355130920435,-99.082045314593,340.5174708636,186.28335009,27.128592,270.996,291.709,291.642,291.825,291.642,56.8100301596396
20230531163736.5,83.6169976741076,9.798611,1.7365208,1.9955173,2.030201,-1.0437e-05,-8.529e-06,0.63835909,0.48445179,1.3564071,3.622716,270.93,291.709,291.812,291.83,291.559,83.6169976741076,NaN,20.9443131092584,-12.8628546611271,348.212610840368,171.021085936759,27.128142,270.93,291.709,291.559,291.83,291.559,0.0370978532842174
20230531163737.3,84.4729978591204,9.7616969,1.6890067,1.9933432,2.0305953,1.8406e-05,1.055e-05,-0.63738446,-0.43463041,1.3564183,3.6242818,270.93,291.723,291.817,291.833,291.786,84.4729978591204,NaN,20.8418599840629,-15.6188112360464,353.200599814289,166.269733793404,27.128366,270.93,291.723,291.786,291.833,291.786,49.1243267019248
20230531163738.2,85.3440050035715,9.7879772,1.712606,1.9955286,2.0308769,-1.0886e-05,-9.203e-06,0.65070432,0.53171374,1.3563846,3.6231216,270.837,291.703,291.831,291.833,291.551,85.3440050035715,NaN,20.9147995617873,-12.8485304307346,356.762906928307,168.629635057169,27.127692,270.837,291.703,291.551,291.833,291.551,14.2168075920357
20230531163739.1,86.1919987946749,9.7613702,1.7351578,1.9934221,2.029818,1.8855e-05,1.1672e-05,-0.66206459,-0.45281692,1.3563846,3.6319981,270.851,291.731,291.864,291.85,291.719,86.1919987946749,NaN,20.8409532455538,-15.5187951494995,343.367569559585,170.884787596447,27.127692,270.851,291.731,291.719,291.85,291.719,50.3432443063649
20230531163739.9,87.0590027421713,9.7899485,1.6987731,1.9942895,2.0308431,-5.948e-06,-6.622e-06,0.54885894,0.41602291,1.3563508,3.6137494,270.763,291.736,291.89,291.85,291.728,87.0590027421713,NaN,20.9202708003031,-14.4192520129905,356.335328872716,167.24636190112,27.127016,270.763,291.736,291.728,291.85,291.728,11.5528547115961
20230531163740.8,87.9140071570873,9.7985997,1.6598875,1.993377,2.029221,1.6722e-05,1.055e-05,-0.56066177,-0.37723337,1.3563395,3.6335639,270.789,291.742,291.887,291.842,291.669,87.9140071570873,NaN,20.9442817467082,-15.5759653079695,335.815377275965,163.357849251072,27.12679,270.789,291.742,291.669,291.842,291.669,0.219381550802197
20230531163741.6,88.7810010462999,9.7926069,1.7574955,1.9949879,2.0303249,2.132e-06,-2.02e-06,0.18553091,0.11795795,1.356317,3.6083537,270.682,291.751,291.882,291.83,291.786,88.7810010462999,NaN,20.9276490483985,-13.5339385168663,349.779975369584,173.118530396429,27.12634,270.682,291.751,291.786,291.83,291.786,8.19336855949064
20230531163742.5,89.6449975669384,9.7991404,1.727847,1.9992684,2.03233,-8.642e-06,-7.295e-06,0.51041864,0.55261636,1.356317,3.6226259,270.642,291.74,291.91,291.841,291.593,89.6449975669384,NaN,20.9457824308585,-8.10784398628266,375.144968247121,170.153716498612,27.12634,270.642,291.74,291.593,291.841,291.593,-1.03075654235697
20230531163743.5,90.6409990042448,9.764085,1.8731494,2.0026027,2.0321836,1.908e-06,4.49e-07,-0.000114811,0.21876856,1.3563508,3.617861,270.634,291.737,291.927,291.824,291.654,90.6409990042448,NaN,20.8484880288556,-3.88118191565445,373.292973355463,184.683779567778,27.127016,270.634,291.737,291.654,291.824,291.654,48.0253949481218
20230531163744.4,91.5709979832172,9.7988926,1.8207803,2.0013073,2.0347294,1.7283e-05,6.846e-06,-0.00301403,-0.28622312,1.356362,3.6330795,270.581,291.735,291.927,291.836,291.472,91.5709979832172,NaN,20.9450946751114,-5.52327112367175,405.497950098583,179.446933336226,27.12724,270.581,291.735,291.472,291.836,291.472,-1.07742021490362
20230531163745.3,92.430005595088,9.7731192,1.9122039,1.9992797,2.0359572,6.73e-07,-2.806e-06,0.26069185,0.1888936,1.356317,3.614966,270.527,291.735,291.927,291.842,291.673,92.430005595088,NaN,20.8735619714315,-8.09351975589016,421.02991272142,188.589182012161,27.12634,270.527,291.735,291.673,291.842,291.673,35.3122245467068
20230531163746.1,93.2810068130493,9.7988363,1.6975114,1.9899748,2.0357207,1.9752e-05,1.2458e-05,-0.66748535,-0.52040876,1.3563057,3.6352423,270.526,291.713,291.939,291.821,291.615,93.2810068130493,NaN,20.9449384174497,-19.8886995240541,418.038131356134,167.120193437459,27.126114,270.526,291.713,291.615,291.821,291.615,-0.852002846342767
20230531163747,94.1450033336878,9.7979238,1.7109614,1.9967902,2.0365881,7.407e-06,5.611e-06,-0.10676775,-0.22286096,1.356317,3.6258927,270.469,291.724,291.964,291.816,291.738,94.1450033336878,NaN,20.9424058221341,-11.2492871507943,429.010948084466,168.465177059755,27.12634,270.469,291.724,291.738,291.816,291.738,0.113541061382558
20230531163747.9,94.9920013546944,9.7865128,1.7278808,1.9992346,2.0382327,-1.4702e-05,-1.0662e-05,0.82604622,0.64771163,1.356362,3.6297902,270.387,291.715,291.955,291.824,291.483,94.9920013546944,NaN,20.9107351973158,-8.15068991435965,449.81553004367,170.157096457455,27.12724,270.387,291.715,291.483,291.824,291.483,15.2314272039766
20230531163748.7,95.8480015397072,9.7612237,1.8310085,1.9977477,2.0395281,1.7957e-05,1.1335e-05,-0.62780256,-0.41014141,1.3563282,3.626715,270.419,291.719,291.981,291.83,291.751,95.8480015397072,NaN,20.8405466425798,-10.0355304604468,466.202648777682,180.469740881621,27.126564,270.419,291.719,291.751,291.83,291.751,50.5666539663856
20230531163749.8,96.9730004668236,9.7875604,1.7612579,1.9979955,2.0383003,4.826e-06,3.37e-07,0.000416485,0.00037193,1.356362,3.6078918,270.348,291.724,291.987,291.822,291.765,96.9730004668236,NaN,20.9136427555105,-9.72141149661547,450.670686154848,173.494765815056,27.12724,270.348,291.724,291.765,291.822,291.765,13.9671390305767
20230531163750.7,97.8090047836304,9.7989151,1.7313165,1.9990431,2.0375793,8.417e-06,3.816e-06,-0.051661526,-0.056356429,1.3563395,3.6241466,270.326,291.713,292.015,291.833,291.771,97.8090047836304,NaN,20.9451571226671,-8.39344125242951,441.549864318178,170.500662273895,27.12679,270.326,291.713,291.771,291.833,291.771,-1.39931443736714
20230531163751.7,98.8399989902973,9.7857806,1.8458102,1.9978716,2.0383679,-1.2233e-05,-6.622e-06,0.00116625,0.00157674,1.3563508,3.6213868,270.255,291.688,292.043,291.805,291.597,98.8399989902973,NaN,20.9087030150801,-9.87847097853091,451.525842266023,181.949892857988,27.127016,270.255,291.688,291.597,291.805,291.597,16.7799926756427
20230531163752.6,99.6990066021681,9.7852061,1.8158464,1.9997641,2.0390775,2.694e-06,-2.132e-06,0.11314787,0.33781755,1.356362,3.6169486,270.252,291.71,292.043,291.794,291.64,99.6990066021681,NaN,20.9071085208238,-7.47947929551992,460.502451385721,178.953549344104,27.12724,270.252,291.71,291.64,291.794,291.64,17.2987031890503
20230531163753.6,100.699001178145,9.798228,1.8008532,1.999719,2.0389762,7.632e-06,5.724e-06,-0.21744581,0.001259219,1.3562832,3.6166669,270.214,291.681,292.046,291.82,291.648,100.699001178145,NaN,20.9432501130875,-7.53664945398941,459.22098224279,177.454247600921,27.125664,270.214,291.681,291.648,291.82,291.648,-0.680010781539467
20230531163754.4,101.559004560113,9.7989714,1.7361153,2.0022085,2.0395394,1.459e-05,5.836e-06,-0.37001545,-0.069714435,1.3563057,3.6138057,270.186,291.704,292.06,291.811,291.702,101.559004560113,NaN,20.9453133803288,-4.38088205908525,466.345596470819,170.980536430525,27.126114,270.186,291.704,291.702,291.811,291.702,-1.79807542619077
20230531163755.4,102.539003267884,9.7992305,1.6152909,2.0054977,2.0393929,2.132e-06,2.02e-06,0.000371481,0.030396165,1.356362,3.613648,270.136,291.693,292.038,291.794,291.673,102.539003267884,NaN,20.9460324986261,-0.211390146926988,464.49233655533,158.898243555156,27.12724,270.136,291.693,291.673,291.794,291.673,-2.12050014707873
20230531163756.4,103.485004976392,9.7991292,1.6532865,2.0073902,2.0354165,1.5824e-05,7.519e-06,-0.00197712,-0.087434442,1.3563958,3.6237749,270.105,291.687,292.03,291.791,291.586,103.485004976392,NaN,20.945751345853,2.18760153608446,414.189928855838,162.697757288933,27.127916,270.105,291.687,291.586,291.791,291.586,-1.5508492034778
20230531163757.3,104.430000856519,9.7989602,1.6964188,2.00721,2.0373315,-2.245e-06,-4.938e-06,0.38504688,-0.00064667,1.3564183,3.6398382,270.071,291.704,292.055,291.799,291.46,104.430000856519,NaN,20.9452822953233,1.95917442840755,438.415135259751,167.010934767888,27.128366,270.071,291.704,291.46,291.799,291.46,-1.58630182747285
20230531163758.3,105.406006425619,9.7992193,1.7437639,2.0049908,2.0349998,5.948e-06,5.611e-06,-0.15222457,0.000946322,1.3563958,3.6165092,270.051,291.71,292.019,291.788,291.712,105.406006425619,NaN,20.9460014136206,-0.853952304981703,408.918574543295,171.74538711703,27.127916,270.051,291.71,291.712,291.788,291.712,-1.6099513043892
20230531163759.2,106.336005404592,9.7989377,1.6980634,2.0018593,2.0311473,-6.846e-06,-6.846e-06,0.48529077,-7.31e-05,1.3563508,3.6394552,270.006,291.699,291.979,291.788,291.401,106.336005404592,NaN,20.9452198477675,-4.82353880714754,360.183531373019,167.175392765303,27.127016,270.006,291.699,291.401,291.788,291.401,-0.65461420872995
20230531163800.1,107.207002490759,9.7989827,1.8871176,1.9990206,2.0286465,1.5263e-05,5.163e-06,-0.37272921,-0.19191986,1.3563733,3.611474,269.989,291.679,291.996,291.799,291.681,107.207002490759,NaN,20.945344742879,-8.42196295011399,328.547815354785,186.080582559076,27.127466,269.989,291.679,291.681,291.799,291.681,-0.353970650931921
20230531163800.9,108.046999946237,9.7992418,1.7639952,1.999505,2.0298856,1.459e-05,7.295e-06,-0.43982285,-0.33003344,1.3564071,3.6127694,269.975,291.71,292.013,291.785,291.768,108.046999946237,NaN,20.9460638611763,-7.80792248974331,344.222725670763,173.768492481919,27.128142,269.975,291.71,291.768,291.785,291.768,-0.866597325961282
20230531163802,109.164002537727,9.7990728,1.7685911,2.0008455,2.0312824,2.245e-06,3.03e-06,0.000460591,0.000283605,1.3563395,3.6342623,269.941,291.679,291.999,291.796,291.583,109.164002537727,NaN,20.9455948106466,-6.10866312325652,361.892578571536,174.228076885615,27.12679,269.941,291.679,291.583,291.796,291.583,-0.848261854708258
20230531163803,110.117004811764,9.798656,1.7523814,2.001848,2.0320034,-1.01e-06,-4.153e-06,0.078500708,-0.00082661,1.3563733,3.6319755,269.893,291.684,292.013,291.796,291.471,110.117004811764,NaN,20.9444380043698,-4.8378630375405,371.013400408207,172.607126623732,27.127466,269.893,291.684,291.471,291.796,291.471,-0.393262172360339
20230531163804,111.094006150961,9.7969213,1.8077922,1.9995275,2.0310008,5.611e-06,4.489e-06,-0.052347811,0.000902104,1.3563733,3.6091084,269.887,291.662,292.01,291.794,291.754,111.094006150961,NaN,20.9396234365956,-7.77940079205928,358.330271457526,178.148139151487,27.127466,269.887,291.662,291.754,291.794,291.754,2.17590285783907
20230531163804.9,112.027998268604,9.7998163,1.7733448,2.0027041,2.0324877,-8.866e-06,-7.968e-06,-0.00088172,0.11190882,1.3563395,3.6390835,269.851,291.665,292.005,291.785,291.396,112.027998268604,NaN,20.9476583554325,-3.75264413142349,377.139910831924,174.703441097162,27.12679,269.851,291.665,291.396,291.785,291.396,-2.06335142425343
20230531163805.8,112.973004207015,9.7997262,1.6848275,2.0034138,2.0332537,1.56e-05,1.0437e-05,-0.53514374,0.00025417,1.3563282,3.6045237,269.836,291.676,292.013,291.785,291.734,112.973004207015,NaN,20.9474082876649,-2.85300640490641,386.82999339349,165.851818882303,27.126564,269.836,291.676,291.734,291.785,291.734,-2.00177737958068
20230531163806.7,113.832001760602,9.7999965,1.709159,2.0015551,2.0337043,1.1447e-05,7.07e-06,-0.2428829,-0.31860259,1.356317,3.621139,269.822,291.662,292.016,291.782,291.76,113.832001760602,NaN,20.9481584909678,-5.20915215984087,392.530190785452,168.284939254489,27.12634,269.822,291.662,291.76,291.782,291.76,-2.39722870515666
20230531163807.6,114.688001945615,9.7871661,2.108186,1.9990431,2.0340423,-9.764e-06,-5.275e-06,0.6013134,0.43937161,1.356362,3.6390159,269.774,291.662,291.991,291.78,291.429,114.688001945615,NaN,20.9125483967895,-8.39344125242951,396.805971341339,208.187153370016,27.12724,269.774,291.662,291.429,291.78,291.429,16.4762267847855
20230531163808.4,115.555005893111,9.798825,1.7081452,2.0006089,2.0337381,1.6386e-05,8.305e-06,-0.48690582,-0.35598109,1.356362,3.6204518,269.78,291.67,292.007,291.788,291.754,115.555005893111,NaN,20.9449070548995,-6.40858461979587,392.957768841039,168.183560488966,27.12724,269.78,291.67,291.754,291.788,291.754,-0.810424675693983
20230531163809.4,116.524000838399,9.7870535,1.8899338,2.002783,2.0352476,7.07e-06,5.05e-06,0.000733871,-0.1459176,1.3563057,3.6266812,269.732,291.673,292.002,291.757,291.536,116.524000838399,NaN,20.9122358814661,-3.65262804487656,412.053303601722,186.362199129864,27.126114,269.732,291.673,291.536,291.757,291.536,15.499873593296
20230531163810.3,117.46900677681,9.7991517,1.7342228,2.0016002,2.0357995,-1.2794e-05,-1.0101e-05,0.00011134,0.55441129,1.3562494,3.6405366,269.701,291.642,292.027,291.78,291.41,117.46900677681,NaN,20.9458137934087,-5.15198200137138,419.034970136618,170.791288734972,27.124988,269.701,291.642,291.41,291.78,291.41,-1.54586150762408
20230531163811.2,118.312997370958,9.7984983,1.6480822,2.0021634,2.0338733,1.5824e-05,1.0325e-05,-0.56177741,-0.41713329,1.3562832,3.6397256,269.721,291.651,292.033,291.766,291.502,118.312997370958,NaN,20.9440003163904,-4.43805221755474,394.668081063399,162.177333626069,27.125664,269.721,291.651,291.502,291.766,291.502,-0.415223171636136
20230531163812.1,119.184004515409,9.7993544,1.8444472,2.0041347,2.0330397,1.683e-06,-2.469e-06,0.28255376,0.1398626,1.3562268,3.6072385,269.676,291.623,292.044,291.749,291.718,119.184004515409,NaN,20.9463763764996,-1.93917121109826,384.12284239065,181.813594517677,27.124536,269.676,291.623,291.718,291.749,291.718,-1.56515167593391
20230531163812.9,120.038998872042,9.7993094,1.7284441,2.0009468,2.0343464,1.3131e-05,9.427e-06,-0.36561813,-0.28380064,1.3562494,3.6298353,269.67,291.651,292.055,291.746,291.659,120.038998872042,NaN,20.9462514813882,-5.98025210212654,400.652908817803,170.21342577154,27.124988,269.67,291.651,291.659,291.746,291.659,-1.55430496466415
20230531163813.8,120.887002721429,9.7877294,1.8846168,2.0015439,2.0314739,-5.05e-06,-6.622e-06,0.5306892,0.42632914,1.3562719,3.6111698,269.627,291.626,292.069,291.754,291.69,120.887002721429,NaN,20.9141118060402,-5.22334962713239,364.31509921193,185.830505604233,27.125438,269.627,291.626,291.69,291.754,291.69,15.0577189245201
20230531163814.6,121.73800393939,9.799208,1.8706825,2.0026253,2.0297955,1.5937e-05,1.0101e-05,-0.50026427,-0.32588352,1.356317,3.6330006,269.647,291.612,292.094,291.746,291.614,121.73800393939,NaN,20.9459700510704,-3.85253345486944,343.082939197138,184.437092571656,27.12634,269.647,291.612,291.614,291.746,291.614,-0.902634247513822
20230531163815.5,122.594004124403,9.7934968,1.8278319,2.0030195,2.0283874,-1.1447e-05,-7.519e-06,0.67616397,0.51409286,1.3562494,3.6286525,269.582,291.626,292.103,291.757,291.457,122.594004124403,NaN,20.9301189186138,-3.35283331143819,325.27013860322,180.152084749682,27.124988,269.582,291.626,291.457,291.757,291.457,7.20955824760571
20230531163816.3,123.460998013616,9.7642201,1.8389839,2.0016678,2.0276214,1.8742e-05,1.1672e-05,-0.63731923,-0.48371859,1.3562606,3.6375628,269.636,291.651,292.15,291.754,291.544,123.460998013616,NaN,20.8488629917346,-5.06629014521741,315.580056041654,181.267271170191,27.125212,269.636,291.651,291.544,291.754,291.544,48.0249036530537
20230531163817.3,124.430003017187,9.7989264,1.6705101,2.0051147,2.0282748,1.571e-06,1.571e-06,0.14972683,6.2175e-05,1.3562832,3.6082185,269.574,291.634,292.136,291.738,291.729,124.430003017187,NaN,20.9451884852173,-0.696892823065809,323.845721767146,164.420096316217,27.125664,269.574,291.634,291.729,291.738,291.729,-0.338436652752457
20230531163818.2,125.284997373819,9.7993657,1.7975188,2.0069509,2.0328144,1.0437e-05,6.958e-06,-0.20949911,-0.094876813,1.3562832,3.627864,269.596,291.645,292.175,291.732,291.678,125.284997373819,NaN,20.9464077390498,1.63073123418371,381.27274369467,177.120811661131,27.125664,269.596,291.645,291.678,291.732,291.678,-1.59192011194539
20230531163819.1,126.227005943656,9.7870873,1.7030987,2.0073451,2.0350448,-1.3019e-05,-9.315e-06,0.7910867,-0.00012821,1.3563282,3.6322459,269.54,291.626,292.184,291.738,291.566,126.227005943656,NaN,20.9123296915721,2.13043137761497,409.487835268195,167.678916633953,27.126564,269.54,291.626,291.566,291.738,291.566,14.5868912428523
20230531163819.9,127.082000300288,9.7985659,1.7689967,2.0067819,2.0344253,2.24e-07,3.37e-07,0.14680389,0.15388799,1.3563057,3.6344425,269.534,291.648,292.164,291.746,291.387,127.082000300288,NaN,20.9441879366022,1.41650159379878,401.651012622122,174.268636391727,27.126114,269.534,291.648,291.387,291.746,291.387,-0.694180273161614
20230531163820.8,127.94500105083,9.7670363,1.7426825,2.0040784,2.0365543,1.1672e-05,7.295e-06,-0.34510472,-0.33175639,1.3563395,3.6447947,269.54,291.642,292.181,291.749,291.421,127.94500105083,NaN,20.8566792053542,-2.01053883685927,428.583370028879,171.637248433822,27.12679,269.54,291.642,291.421,291.749,291.421,41.7402910565022
20230531163821.7,128.813000768423,9.799039,1.7637699,1.9953709,2.0379623,1.9304e-05,1.1447e-05,-0.50590318,-0.58756082,1.356317,3.6294297,269.557,291.642,292.167,291.76,291.667,128.813000768423,NaN,20.9455010005407,-13.0484358407271,446.394905598958,173.745962756261,27.12634,269.557,291.642,291.667,291.76,291.667,-1.55263613018867
20230531163822.7,129.804999008775,9.788777,1.8365958,1.9994712,2.0391339,6.509e-06,3.479e-06,0.001214776,-0.21613786,1.3563395,3.6314348,269.515,291.626,292.122,291.752,291.533,129.804999008775,NaN,20.9170193642349,-7.85076841782075,461.215924827589,181.028464078116,27.12679,269.515,291.626,291.533,291.752,291.533,12.4395175724972
20230531163823.6,130.746001750231,9.7988025,1.719759,2.0002146,2.0358784,-1.4814e-05,-1.0999e-05,0.0010909,0.52051005,1.356317,3.6400635,269.492,291.659,292.066,291.766,291.426,130.746001750231,NaN,20.9448446073438,-6.90841152632765,420.033073940936,169.344926347153,27.12634,269.492,291.659,291.426,291.766,291.426,-1.05002719548338
20230531163824.5,131.585999205709,9.7978788,1.7055544,2.0025351,2.0361149,0.000333211,2.918e-06,0.11880255,0.1523225,1.356362,3.6346903,269.483,291.662,292.089,291.763,291.376,131.585999205709,NaN,20.9422809270226,-3.96687377180888,423.024855306223,167.924483643713,27.12724,269.483,291.662,291.376,291.763,291.376,0.112872819543482
20230531163825.3,132.453003153205,9.785499,1.7466815,2.0018593,2.0371175,2.2558e-05,1.459e-05,-0.72627002,-0.69283236,1.3562719,3.6382612,269.515,291.659,292.094,291.774,291.541,132.453003153205,NaN,20.907921449227,-4.82353880714754,435.707984256911,172.037143564347,27.125438,269.515,291.659,291.541,291.774,291.541,16.7760352244438
20230531163826.3,133.449004590511,9.7984645,1.7015104,2.004529,2.0370274,8.754e-06,5.05e-06,0.001512073,-0.29383356,1.356317,3.6322234,269.455,291.67,292.061,291.771,291.51,133.449004590511,NaN,20.9439065062844,-1.43934430456648,434.568197783283,167.520088567984,27.12634,269.455,291.67,291.51,291.771,291.51,-0.829789984663582
20230531163827.3,134.395006299019,9.7982618,1.6534892,2.0040784,2.0356306,-1.4365e-05,-1.0437e-05,0.00225715,0.49564872,1.356362,3.6375177,269.444,291.645,292.077,291.774,291.429,134.395006299019,NaN,20.9433439231935,-2.01053883685927,416.898344882509,162.718027042111,27.12724,269.444,291.645,291.429,291.774,291.429,-0.365197425970625
20230531163828.1,135.238001123071,9.7980928,1.739168,2.0009018,2.0334452,1.863e-05,1.2121e-05,-0.57686553,-0.44228919,1.356362,3.6303985,269.461,291.645,292.038,291.763,291.642,135.238001123071,NaN,20.9428748726638,-6.03729549749551,389.252514033884,171.285802713334,27.12724,269.461,291.645,291.642,291.763,291.642,0.204184062075573
20230531163829.1,136.234998330474,9.7894529,1.6992011,2.0015551,2.0309445,7.632e-06,3.142e-06,0.000859344,-0.2058283,1.3563395,3.634251,269.435,291.656,292.038,291.777,291.522,136.234998330474,NaN,20.918895288809,-5.20915215984087,357.618063039485,167.289161379956,27.12679,269.435,291.656,291.522,291.777,291.522,12.0546908108129
20230531163830.1,137.183997407556,9.7983181,1.7022989,1.9999105,2.0297842,-9.54e-06,-4.601e-06,0.00105604,0.36049483,1.3563395,3.6268501,269.43,291.659,292.055,291.774,291.676,137.183997407556,NaN,20.9435001808551,-7.29389811592,342.939991503994,167.598937607848,27.12679,269.43,291.659,291.676,291.774,291.676,0.389196876895422
20230531163830.9,138.024004921317,9.7981942,1.753474,1.9988629,2.0310008,1.4814e-05,9.988e-06,-0.44476452,-0.30238645,1.3562719,3.6275936,269.435,291.668,292.058,291.782,291.684,138.024004921317,NaN,20.9431563029816,-8.62186836010642,358.330271457526,172.716385293302,27.125438,269.435,291.668,291.684,291.782,291.684,0.428023988791308
20230531163831.9,139.020006358624,9.7873802,1.6906288,1.9996176,2.0307643,4.377e-06,-3.37e-07,0.10353442,-0.000201677,1.3561142,3.6369996,269.427,291.665,292.058,291.768,291.519,139.020006358624,NaN,20.9131426199753,-7.66518723822037,355.338490092236,166.431941818216,27.122284,269.427,291.665,291.519,291.768,291.519,14.8490486473925
20230531163832.8,139.887000247836,9.7986335,1.7545329,1.9986376,2.0315415,8.642e-06,3.704e-06,-0.16150061,-0.031864989,1.3561255,3.6118907,269.43,291.682,292.094,291.768,291.79,139.887000247836,NaN,20.9443755568141,-8.90746562625282,365.170255323108,172.822274003908,27.12251,269.43,291.682,291.79,291.768,291.79,-0.234053352738076
20230531163833.7,140.844005718827,9.788394,1.6296984,2.0004174,2.0308544,-1.3243e-05,-1.0101e-05,0.73594773,6.973e-05,1.3560579,3.6348368,269.407,291.687,292.091,291.78,291.502,140.844005718827,NaN,20.915956368064,-6.65133595786574,356.47827656586,160.33897601153,27.121158,269.407,291.687,291.502,291.78,291.502,13.2214068932675
20230531163834.6,141.695006936789,9.7978112,1.759602,2.0007103,2.0301222,1.122e-06,-1.235e-06,0.11633847,0.20225097,1.3561029,3.6266361,269.396,291.668,292.094,291.78,291.426,141.695006936789,NaN,20.9420933068108,-6.28004683556446,347.215772059884,173.329177831401,27.122058,269.396,291.668,291.426,291.78,291.426,1.02483019196663
20230531163835.4,142.547003924847,9.7571347,1.6218807,1.9762658,2.0304714,2.4354e-05,1.4141e-05,-0.82984661,-0.65671583,1.3561818,3.6239664,269.433,291.673,292.097,291.794,291.751,142.547003924847,NaN,20.8291978401189,-37.2666530154142,351.63323528508,159.557215530933,27.123636,269.433,291.673,291.751,291.794,291.751,54.4235417606711
20230531163836.3,143.403004109859,9.7867381,1.8740619,2.0040897,2.0283311,-1.796e-06,0,0.30419526,0.10408774,1.3561029,3.6382725,269.393,291.656,292.091,291.794,291.438,143.403004109859,NaN,20.9113605055072,-1.99621460646676,324.557930185183,184.775028456651,27.122058,269.393,291.656,291.438,291.794,291.438,16.775990377201
20230531163837.1,144.254005327821,9.7983744,1.9826753,2.0063088,2.0289732,2.918e-06,-5.61e-07,0.15051183,0.13359722,1.3561367,3.6133664,269.382,291.656,292.111,291.774,291.664,144.254005327821,NaN,20.9436564385168,0.8167853638206,332.680648217531,195.636236201028,27.122734,269.382,291.656,291.664,291.774,291.664,0.305201269492523
20230531163838,145.106002315879,9.7985547,1.7919429,2.005723,2.0310008,1.0999e-05,7.295e-06,-0.31532652,-0.25030327,1.3561367,3.6391173,269.407,291.659,292.091,291.763,291.468,145.106002315879,NaN,20.9441568515967,0.0742071192198637,358.330271457526,176.563228450755,27.122734,269.407,291.659,291.468,291.763,291.468,-0.210998878906492
20230531163838.8,145.964999869466,9.7983294,1.7504213,2.0027604,2.0290746,-6.846e-06,-4.826e-06,0.46999113,0.31209585,1.3560579,3.6309392,269.382,291.648,292.091,291.771,291.401,145.964999869466,NaN,20.9435315434054,-3.68127650566203,333.9633823843,172.411119010493,27.121158,269.382,291.648,291.401,291.771,291.401,0.410546986100846
20230531163839.7,146.832003816962,9.7632288,1.8440642,1.9691015,2.0274863,2.0875e-05,1.3019e-05,-0.68768943,-0.58039015,1.3560917,3.6294973,269.427,291.654,292.083,291.777,291.65,146.832003816962,NaN,20.8461116912016,-46.3483418474339,313.871008843133,181.775294984046,27.121834,269.427,291.654,291.65,291.777,291.65,50.1911080683987
20230531163840.6,147.68400080502,9.7894416,1.7874032,1.9991107,2.0274187,-1.0999e-05,-7.407e-06,0.66315861,0.42466805,1.3561029,3.6289904,269.362,291.64,292.075,291.76,291.412,147.68400080502,NaN,20.9188639262587,-8.30774939627554,313.015852731955,176.109263978625,27.122058,269.362,291.64,291.412,291.76,291.412,12.9000102253492
20230531163841.4,148.528001457453,9.7590947,1.709497,2.0015101,2.0280382,1.235e-06,-2.24e-07,0.11191976,0.14309032,1.3560579,3.6297789,269.396,291.634,292.086,291.791,291.379,148.528001457453,NaN,20.8346377160845,-5.26619555520983,320.852675378024,168.318738842915,27.121158,269.396,291.634,291.379,291.791,291.379,53.0895966713414
20230531163842.3,149.391002207994,9.7586216,1.7047658,2.0005976,2.028286,1.56e-05,1.0101e-05,-0.50047345,-0.47279161,1.3561029,3.6402888,269.402,291.648,292.091,291.782,291.432,149.391002207994,NaN,20.8333246521461,-6.42290885018883,323.987404436451,167.84562460397,27.122058,269.402,291.648,291.432,291.782,291.432,53.6289570738342
20230531163843.1,150.242003425956,9.7978788,1.7824466,1.9984686,2.0321723,1.1447e-05,5.05e-06,-0.24242292,-0.34362469,1.3560579,3.6024848,269.393,291.648,292.105,291.791,291.732,150.242003425956,NaN,20.9422809270226,-9.1216952666382,373.150025662322,175.613610014144,27.121158,269.393,291.648,291.732,291.791,291.732,0.71886649110546
20230531163844,151.110003143549,9.7985547,2.1077692,1.9978378,2.0348308,-1.0662e-05,-6.509e-06,0.67677353,0.49634375,1.3560804,3.634037,269.376,291.648,292.125,291.78,291.404,151.110003143549,NaN,20.9441568515967,-9.9213169066079,406.780684265352,208.145473877542,27.121608,269.376,291.648,291.404,291.78,291.404,-0.589270382134092
20230531163845,152.097998186946,9.7837755,1.7039999,1.9996289,2.0353152,3.142e-06,-3.37e-07,-0.00015802,0.12971721,1.3560917,3.6347241,269.393,291.656,292.156,291.791,291.505,152.097998186946,NaN,20.9031379664583,-7.65086300782787,412.9084597129,167.769035536586,27.121834,269.393,291.656,291.505,291.791,291.505,19.1494291875215
20230531163845.8,152.953002601862,9.7984983,1.8339824,2.0008004,2.0341324,9.427e-06,5.948e-06,-0.060345517,-0.22688155,1.3561142,3.6446482,269.396,291.665,292.181,291.785,291.407,152.953002601862,NaN,20.9440003163904,-6.16583328172601,397.945757814963,180.767127260383,27.122284,269.396,291.665,291.407,291.785,291.407,-0.442950750800874
20230531163846.8,153.906004875898,9.7991404,1.7133495,1.9993473,2.0317781,1.7508e-05,9.988e-06,-0.00034976,-0.52557645,1.3560691,3.6196971,269.385,291.668,292.206,291.78,291.659,153.906004875898,NaN,20.9457824308585,-8.00782789973618,368.163301712229,168.703984151829,27.121382,269.385,291.668,291.659,291.78,291.659,-0.957244483714442
20230531163847.8,154.895005747676,9.7990503,1.7923822,2.0043487,2.0343013,7.86e-07,-6.73e-07,0.19169732,-0.000306724,1.3560353,3.6371573,269.39,291.656,292.226,291.777,291.496,154.895005747676,NaN,20.9455323630909,-1.66789817534436,400.082383069075,176.607157915831,27.120706,269.39,291.656,291.496,291.777,291.496,-1.29536294351002
20230531163848.7,155.840001627803,9.798994,1.992239,2.0068833,2.0306741,-9.091e-06,-7.632e-06,0.57707623,0.0010088,1.3560353,3.6354788,269.39,291.648,292.243,291.774,291.477,155.840001627803,NaN,20.9453761054292,1.54503937802974,354.19743859478,196.592594555567,27.120706,269.39,291.648,291.477,291.774,291.477,-0.840823543737559
20230531163849.8,156.960997357965,9.7987349,1.8527042,2.0085955,2.0288493,4.826e-06,3.142e-06,0.00037193,0.00037193,1.3560466,3.6419222,269.393,291.64,292.259,291.768,291.41,156.960997357965,NaN,20.9446569871319,3.7154771902633,331.113283688323,182.63928446335,27.120932,269.393,291.64,291.41,291.768,291.41,-0.242627368954742
20230531163850.7,157.813004404306,9.7991629,1.8576043,2.0083477,2.0323075,2.357e-06,-6.73e-07,0.030774493,0.048994047,1.3560128,3.6200238,269.376,291.651,292.279,291.782,291.533,157.813004404306,NaN,20.9458448784142,3.40135822643197,374.860337884675,183.129288496629,27.120256,269.376,291.651,291.533,291.782,291.533,-1.29836371661232
20230531163851.5,158.679998293519,9.7649411,1.7433359,2.0044389,2.0347069,7.07e-06,5.387e-06,-0.0481493,-0.054564458,1.3559452,3.6366391,269.419,291.651,292.29,291.78,291.368,158.679998293519,NaN,20.8508640889648,-1.55355785840493,405.21331973614,171.702587638194,27.118904,269.419,291.651,291.368,291.78,291.368,44.8115337204564
20230531163852.4,159.528002142906,9.7966622,1.8325518,2.0048782,2.0348871,1.3804e-05,4.489e-06,-0.10622137,-0.0587541,1.355979,3.6139972,269.424,291.659,292.315,291.78,291.648,159.528002142906,NaN,20.9389043182983,-0.996687556504639,407.492892683393,180.624069002386,27.11958,269.424,291.659,291.648,291.78,291.648,1.91866957235242
20230531163853.2,160.375000163913,9.7988926,1.8178853,2.0065341,2.0339634,-1.01e-06,-3.367e-06,0.11098067,0.09043403,1.3559678,3.6216234,269.413,291.642,292.307,291.782,291.466,160.375000163913,NaN,20.9450946751114,1.10238262996791,395.807867537023,179.15743686139,27.119356,269.413,291.642,291.466,291.782,291.466,-1.08951800369072
20230531163854.3,161.403007060289,9.7570671,1.8476576,1.9679525,2.0318682,1.9865e-05,1.4141e-05,-0.00189164,-0.00291956,1.3559565,3.6378106,269.447,291.673,292.341,291.791,291.463,161.403007060289,NaN,20.829010219907,-47.8048498758512,369.303088185854,182.134630608459,27.11913,269.447,291.673,291.463,291.791,291.463,58.2625581703544
20230531163855.3,162.386998906732,9.799208,1.7630264,2.0055203,2.0344365,5.387e-06,2.132e-06,0.000769897,-0.14262803,1.3559114,3.6361209,269.416,291.662,292.332,291.791,291.494,162.386998906732,NaN,20.9459700510704,-0.182741686141526,401.792695291428,173.671613661601,27.118228,269.416,291.662,291.494,291.791,291.494,-1.54224243351374
20230531163856.2,163.328001648188,9.7988926,1.9490843,2.0058695,2.0373991,-1.2906e-05,-7.183e-06,0.00167459,0.46174752,1.3559227,3.6291819,269.43,291.659,292.349,291.76,291.603,163.328001648188,NaN,20.9450946751114,0.259915061920765,439.270291370929,192.277177103887,27.118454,269.43,291.659,291.603,291.76,291.603,-1.58388000698316
20230531163857.3,164.448997378349,9.798397,1.7540936,2.0047993,2.0393141,4.714e-06,3.367e-06,0.000327823,0.000504473,1.355979,3.640424,269.444,291.656,292.363,291.76,291.415,164.448997378349,NaN,20.9437191636172,-1.09670364305066,463.495497774842,172.778344538832,27.11958,269.444,291.656,291.415,291.76,291.415,-1.05376744635614
20230531163858.2,165.304997563362,9.7992756,1.8368323,2.0056892,2.039055,0,-1.683e-06,0.058004672,0.065421515,1.3559114,3.6223894,269.43,291.628,292.405,291.774,291.393,165.304997563362,NaN,20.9461576712822,0.0313611911428779,460.217821023271,181.052113790136,27.118228,269.43,291.628,291.393,291.774,291.393,-2.28665529908271
